# This file was generated by Animated Java via MC-Build. It is not recommended to edit this file directly.
$data merge entity $(bone_leftleg) { transformation: [-0.962250203420673f,0.08418598082984083f,0.25881898432802614f,0.1187500000000001f,0.14089531408519126f,0.9676985559628289f,0.20906461980997834f,4.77778771306117f,-0.2328584473144762f,0.2376388550283248f,-0.943029542535714f,-0.8994706503717952f,0f,0f,0f,1f], start_interpolation: 0, interpolation_duration: 1 }
$data merge entity $(bone_rightleg) { transformation: [-0.9914448666942443f,0.1305261518073318f,-3.848848392895211e-8f,-0.11874999999999988f,0.0652630435524488f,0.49572244298164037f,0.8660254007074997f,4.77778771306117f,0.11303898200135776f,0.8586164354464009f,-0.500000005329413f,-0.8994706503717952f,0f,0f,0f,1f], start_interpolation: 0, interpolation_duration: 1 }
$data merge entity $(item_display_item_display) { transformation: [-0.07341010279927274f,-0.06159838290168901f,0.004184030843959022f,0.33711484753587584f,-0.05573714248549482f,0.06891590953697657f,0.03667258435737786f,5.1357529446462795f,-0.02655631446112097f,0.02563487311835682f,-0.08853544784804496f,0.01656419038562537f,0f,0f,0f,1f], start_interpolation: 0, interpolation_duration: 1 }
$data merge entity $(bone_leftarm) { transformation: [-0.9990482219215725f,0.04361937958454994f,-5.815423032189135e-8f,0.31250000000000006f,0.01669246810619207f,0.3823192125221738f,-0.9238795274520096f,5.373860807278812f,-0.04029902956484429f,-0.9230002001414105f,-0.38268344457926057f,-0.7115295256816245f,0f,0f,0f,1f], start_interpolation: 0, interpolation_duration: 1 }
$data merge entity $(bone_rightarm) { transformation: [-0.9238795204514483f,-0.3812272377524225f,0.03335303413573904f,-0.31249999999999994f,-0.33944436098205655f,0.7761286838088262f,-0.5314148962596573f,5.373860807278812f,0.17670358651675738f,-0.502284838876147f,-0.8464548323137377f,-0.7115295256816245f,0f,0f,0f,1f], start_interpolation: 0, interpolation_duration: 1 }
$data merge entity $(bone_body) { transformation: [-1f,-3.6825839484795376e-17f,1.16796641102639e-16f,8.253400567688417e-17f,0f,0.9537169507482269f,0.30070579950427306f,5.49307542612234f,-1.2246467991473532e-16f,0.30070579950427306f,-0.9537169507482269f,-0.6739413007435904f,0f,0f,0f,1f], start_interpolation: 0, interpolation_duration: 1 }
$data merge entity $(bone_head) { transformation: [-0.9914448613738104f,0.13052619222005155f,1.16796641102639e-16f,8.253400567688417e-17f,0.12448504203688453f,0.945557770024429f,0.30070579950427306f,5.49307542612234f,0.03924998298777892f,0.29813321970381484f,-0.9537169507482269f,-0.6739413007435904f,0f,0f,0f,1f], start_interpolation: 0, interpolation_duration: 1 }
execute on vehicle unless entity @s[tag=aj.transforms_only] positioned ^0.4334656075 ^5.2089079442 ^0.0514193531 rotated ~67.4048035772 ~-45.9276862112 run function animated_java:bonlo/animations/shoot_hollow/zzz/frames/zzz/0
execute on vehicle unless entity @s[tag=aj.transforms_only] positioned ^0.2499403505 ^5.0695650879 ^-0.014971433 rotated ~67.4048035772 ~-45.9276862112 run function animated_java:bonlo/animations/shoot_hollow/zzz/frames/zzz/1
execute on vehicle unless entity @s[tag=aj.transforms_only] positioned ^0.708753493 ^5.4179222285 ^0.1510055323 rotated ~67.4048035772 ~-45.9276862112 run function animated_java:bonlo/animations/shoot_hollow/zzz/frames/zzz/2
execute on vehicle unless entity @s[tag=aj.transforms_only] positioned ^-0.025347535 ^4.8605508036 ^-0.1145576123 rotated ~67.4048035772 ~-45.9276862112 run function animated_java:bonlo/animations/shoot_hollow/zzz/frames/zzz/3