# This file was generated by Animated Java via MC-Build. It is not recommended to edit this file directly.
execute unless entity @s[type=item_display,tag=aj.hollow_bonlo.root] run return run function animated_java:global/errors/function_not_executed_as_root_entity {'export_namespace': 'hollow_bonlo', 'function_path': 'animated_java:hollow_bonlo/apply_default_pose'}
execute on passengers if entity @s[tag=aj.hollow_bonlo.bone.block_display2] run data merge entity @s {transformation: [-0.8870108331782217f,-0.4617486132350339f,1.2246467991473532e-16f,0.5f,-0.4617486132350339f,0.8870108331782217f,0f,0.3125f,-1.0862749776607361e-16f,-5.654789612090135e-17f,-1f,0.5000000000000001f,0f,0f,0f,1f], start_interpolation: 0}
execute on passengers if entity @s[tag=aj.hollow_bonlo.bone.block_display3] run data merge entity @s {transformation: [-0.6272113831379612f,-0.461748624605965f,-0.627211358743339f,0.6875f,-0.3265055380097571f,0.8870108272588872f,-0.3265056293151217f,0.4375f,0.7071067914474622f,-6.523274334694775e-8f,-0.7071067709256298f,8.326672684688674e-17f,0f,0f,0f,1f], start_interpolation: 0}
execute on passengers if entity @s[tag=aj.hollow_bonlo.bone.block_display4] run data merge entity @s {transformation: [0.37981241090485673f,0.05800325796102971f,-0.9232432802834506f,0.12500000000000006f,0.07453067330309435f,0.9928690683743591f,0.09303865756995691f,-0.0625f,0.922056240833295f,-0.10414718014107978f,0.37278097270251587f,-0.5625f,0f,0f,0f,1f], start_interpolation: 0}
execute on passengers if entity @s[tag=aj.hollow_bonlo.bone.block_display] run data merge entity @s {transformation: [-0.6272113447343209f,0.08330104922034777f,-0.7743816011730612f,0.4375f,-0.3265056707376376f,0.8745569117506394f,0.3585306891820415f,0f,0.7071067642249863f,0.47771449978828723f,-0.5213337517169748f,-0.31249999999999994f,0f,0f,0f,1f], start_interpolation: 0}