# This file was generated by Animated Java via MC-Build. It is not recommended to edit this file directly.
$data merge entity $(block_display_block_display2) { transformation: [-0.7518696350826138f,-0.5564998219593039f,0.35355339059327384f,0.3204463094807135f,-0.4266000929333181f,0.8194911538891424f,0.3826834323650897f,0.159348585994407f,-0.5026971379966484f,0.1369021433605219f,-0.8535533905932737f,0.6327332073993177f,0f,0f,0f,1f], start_interpolation: 0, interpolation_duration: 1 }
$data merge entity $(block_display_block_display3) { transformation: [-0.7816521340729905f,-0.5564998085345505f,-0.28165209816393827f,0.6521445909473759f,-0.5722498378185812f,0.8194911733838806f,-0.03105382202754292f,0.46617524374086267f,0.2480928544229914f,0.13690208123662492f,-0.9590139497094571f,0.3219038294952944f,0f,0f,0f,1f], start_interpolation: 0, interpolation_duration: 1 }
$data merge entity $(block_display_block_display4) { transformation: [0.013990037962425594f,-0.05499269713946504f,-0.998388742974968f,0.4045594408218568f,-0.2839982834667229f,0.9571468111021534f,-0.05670059069298615f,0.21949490819058232f,0.9587227199903862f,0.284333932653677f,-0.0022273113678795697f,-0.550256078715422f,0f,0f,0f,1f], start_interpolation: 0, interpolation_duration: 1 }
$data merge entity $(block_display_block_display) { transformation: [-0.7816520695305065f,-0.2200133411834228f,-0.5836215999258281f,0.5957305339953951f,-0.5722499500255628f,0.6251718063131417f,0.5307449550272754f,0.1815665208812653f,0.24809279895719938f,0.7488353238813393f,-0.6145694597139629f,-0.1951820715409334f,0f,0f,0f,1f], start_interpolation: 0, interpolation_duration: 1 }
execute on vehicle unless entity @s[tag=aj.transforms_only] positioned ^1.068484671 ^1.6719680116 ^-2.4797541151 rotated ~22.5 ~22.5 run function animated_java:hollow_bonlo/animations/spin/zzz/frames/zzz/4
execute on vehicle unless entity @s[tag=aj.transforms_only] positioned ^-1.0528356725 ^-0.6241325826 ^2.6415662284 rotated ~22.5 ~22.5 run function animated_java:hollow_bonlo/animations/spin/zzz/frames/zzz/5
execute on vehicle unless entity @s[tag=aj.transforms_only] positioned ^-2.7638140983 ^0.5239177145 ^-1.0671442404 rotated ~22.5 ~22.5 run function animated_java:hollow_bonlo/animations/spin/zzz/frames/zzz/6
execute on vehicle unless entity @s[tag=aj.transforms_only] positioned ^2.7794630968 ^0.5239177145 ^1.2289563538 rotated ~22.5 ~22.5 run function animated_java:hollow_bonlo/animations/spin/zzz/frames/zzz/7