# This file was generated by Animated Java via MC-Build. It is not recommended to edit this file directly.
$data merge entity $(block_display_block_display2) { transformation: [0.8580856817437669f,-0.116999840967134f,0.5000000000000001f,-0.7986359120657514f,0.32650557562197685f,-0.62721137512625f,-0.7071067811865475f,0.9419417382415921f,0.39633706850873307f,0.7700109922110877f,-0.5f,-0.29863591206575146f,0f,0f,0f,1f], start_interpolation: 0, interpolation_duration: 1 }
$data merge entity $(block_display_block_display3) { transformation: [0.2532047955353933f,-0.11699979735063266f,0.9603116051250191f,-0.743718433538229f,0.7308742872772237f,-0.6272114170671635f,-0.2691256481601316f,0.5f,0.6338060489730988f,0.7700109646755113f,-0.07330079511573223f,-0.6187184335382291f,0f,0f,0f,1f], start_interpolation: 0, interpolation_duration: 1 }
$data merge entity $(block_display_block_display4) { transformation: [-0.7668613883978304f,-0.4853754411517962f,0.41992176903710365f,0.18527913087920395f,0.599291076029582f,-0.7757076283970936f,0.19780768801505666f,0.4558058261758408f,0.22972552573855895f,0.4033464470814829f,0.8857413993095767f,-0.7522208691207961f,0f,0f,0f,1f], start_interpolation: 0, interpolation_duration: 1 }
$data merge entity $(block_display_block_display) { transformation: [0.253204848355097f,-0.7350384425531257f,0.6289720126830347f,-0.19194173824159208f,0.7308743618808107f,-0.2806099605610047f,-0.6221581126846045f,0.5883883476483185f,0.6338059418424461f,0.6172329689858009f,0.46616895014810156f,-0.8169417382415922f,0f,0f,0f,1f], start_interpolation: 0, interpolation_duration: 1 }
execute on vehicle unless entity @s[tag=aj.transforms_only] positioned ^1.2111674785 ^-1.6655145174 ^-1.6013325215 rotated ~45 ~-45 run function animated_java:hollow_bonlo/animations/spin/zzz/frames/zzz/40
execute on vehicle unless entity @s[tag=aj.transforms_only] positioned ^-1.7888325215 ^2.5771261697 ^1.3986674785 rotated ~45 ~-45 run function animated_java:hollow_bonlo/animations/spin/zzz/frames/zzz/41
execute on vehicle unless entity @s[tag=aj.transforms_only] positioned ^1.8324878221 ^0.4558058262 ^2.0199878221 rotated ~45 ~-45 run function animated_java:hollow_bonlo/animations/spin/zzz/frames/zzz/42
execute on vehicle unless entity @s[tag=aj.transforms_only] positioned ^-2.410152865 ^0.4558058262 ^-2.222652865 rotated ~45 ~-45 run function animated_java:hollow_bonlo/animations/spin/zzz/frames/zzz/43