# This file was generated by Animated Java via MC-Build. It is not recommended to edit this file directly.
$data merge entity $(block_display_block_display2) { transformation: [0.7335714446141657f,-0.5804075599496321f,0.35355339059327434f,-0.44523320739931843f,0.17670354420260337f,-0.3394443501856606f,-0.9238795325112865f,0.9759504390421424f,0.6562383660781536f,0.7402057804964435f,-0.14644660940672666f,-0.5748880477223055f,0f,0f,0f,1f], start_interpolation: 0, interpolation_duration: 1 }
$data merge entity $(block_display_block_display3) { transformation: [0.2687133103056182f,-0.5804075274824396f,0.7687133789042038f,-0.4469038294952949f,0.7782297518898217f,-0.3394444081876258f,-0.5283331780455015f,0.4661752437408628f,0.5675840115243763f,0.740205779355899f,0.3604771755188155f,-0.7771445909473759f,0f,0f,0f,1f], start_interpolation: 0, interpolation_duration: 1 }
$data merge entity $(block_display_block_display4) { transformation: [-0.5349599362252866f,-0.8328420569113959f,0.14209846893415948f,0.3940060787154219f,0.8233472348540694f,-0.476173991075739f,0.30880035796799166f,0.13783472288580945f,-0.18951833022690695f,0.2821922012788397f,0.9404522125261909f,-0.516615266997698f,0f,0f,0f,1f], start_interpolation: 0, interpolation_duration: 1 }
$data merge entity $(block_display_block_display) { transformation: [0.26871341852411235f,-0.9472565298625154f,0.17463723926445573f,0.13268207154093303f,0.778229777532294f,0.10667220795091764f,-0.6188533375630388f,0.34488689149081286f,0.5675839251310076f,0.30220209576325197f,0.7658474921609243f,-0.7466188816437136f,0f,0f,0f,1f], start_interpolation: 0, interpolation_duration: 1 }
execute on vehicle unless entity @s[tag=aj.transforms_only] positioned ^0.8235041151 ^-2.3293810683 ^-0.5592201537 rotated ~67.5 ~-67.5 run function animated_java:hollow_bonlo/animations/spin/zzz/frames/zzz/44
execute on vehicle unless entity @s[tag=aj.transforms_only] positioned ^-1.2978162284 ^3.2138961268 ^0.3194595028 rotated ~67.5 ~-67.5 run function animated_java:hollow_bonlo/animations/spin/zzz/frames/zzz/45
execute on vehicle unless entity @s[tag=aj.transforms_only] positioned ^0.9108942404 ^0.4422575292 ^2.6517582721 rotated ~67.5 ~-67.5 run function animated_java:hollow_bonlo/animations/spin/zzz/frames/zzz/46
execute on vehicle unless entity @s[tag=aj.transforms_only] positioned ^-1.3852063538 ^0.4422575292 ^-2.891518923 rotated ~67.5 ~-67.5 run function animated_java:hollow_bonlo/animations/spin/zzz/frames/zzz/47