# This file was generated by Animated Java via MC-Build. It is not recommended to edit this file directly.
$data merge entity $(block_display_block_display2) { transformation: [0.461748613235034f,-0.8870108331782217f,2.220446049250313e-16f,-1.6653345369377348e-16f,1.0252878840045419e-16f,-1.969559700172811e-16f,-1f,0.9375f,0.8870108331782217f,0.461748613235034f,2.719262146893782e-32f,-0.625f,0f,0f,0f,1f], start_interpolation: 0, interpolation_duration: 1 }
$data merge entity $(block_display_block_display3) { transformation: [0.326505538009757f,-0.8870108272588872f,0.32650562931512195f,-0.12500000000000008f,0.7071067914474625f,-6.523274348735582e-8f,-0.7071067709256296f,0.4375f,0.6272113831379611f,0.4617486246059651f,0.6272113587433391f,-0.8125f,0f,0f,0f,1f], start_interpolation: 0, interpolation_duration: 1 }
$data merge entity $(block_display_block_display4) { transformation: [-0.0745306733030946f,-0.9928690683743591f,-0.0930386575699569f,0.3750000000000001f,0.922056240833295f,-0.10414718014108001f,0.372780972702516f,-0.12499999999999989f,-0.37981241090485685f,-0.0580032579610296f,0.9232432802834506f,-0.25000000000000006f,0f,0f,0f,1f], start_interpolation: 0, interpolation_duration: 1 }
$data merge entity $(block_display_block_display) { transformation: [0.3265056707376375f,-0.8745569117506395f,-0.35853068918204134f,0.3125f,0.7071067642249865f,0.47771449978828706f,-0.5213337517169748f,0.1250000000000001f,0.6272113447343208f,-0.08330104922034774f,0.7743816011730613f,-0.5625f,0f,0f,0f,1f], start_interpolation: 0, interpolation_duration: 1 }
execute on vehicle unless entity @s[tag=aj.transforms_only] positioned ^-0.1875 ^-2.5625 ^-0.125 rotated ~270 ~-90 run function animated_java:hollow_bonlo/animations/spin/zzz/frames/zzz/48
execute on vehicle unless entity @s[tag=aj.transforms_only] positioned ^-0.1875 ^3.4375 ^-0.125 rotated ~270 ~-90 run function animated_java:hollow_bonlo/animations/spin/zzz/frames/zzz/49
execute on vehicle unless entity @s[tag=aj.transforms_only] positioned ^-0.1875 ^0.4375 ^2.875 rotated ~270 ~-90 run function animated_java:hollow_bonlo/animations/spin/zzz/frames/zzz/50
execute on vehicle unless entity @s[tag=aj.transforms_only] positioned ^-0.1875 ^0.4375 ^-3.125 rotated ~270 ~-90 run function animated_java:hollow_bonlo/animations/spin/zzz/frames/zzz/51