# This file was generated by Animated Java via MC-Build. It is not recommended to edit this file directly.
$data merge entity $(block_display_block_display2) { transformation: [0.05468274424284608f,-0.9338146483548391f,-0.3535533905932732f,0.3903157288717949f,-0.17670354420260276f,0.3394443501856594f,-0.9238795325112868f,0.8324441519052337f,0.9827439417001307f,0.11299440537019356f,-0.14644660940672588f,-0.44230552624982844f,0f,0f,0f,1f], start_interpolation: 0, interpolation_duration: 1 }
$data merge entity $(block_display_block_display3) { transformation: [0.2886665077258001f,-0.9338146707170956f,-0.2113334050047768f,0.1785980033194532f,0.5283332319462536f,0.33944428765323176f,-0.7782297678711706f,0.41833981469522646f,0.7984582915460373f,0.11299440841525077f,0.5913515201031201f,-0.7329504171232167f,0f,0f,0f,1f], start_interpolation: 0, interpolation_duration: 1 }
$data merge entity $(block_display_block_display4) { transformation: [0.4077281184231736f,-0.8620914625408421f,-0.3009253921843254f,0.19124148570201144f,0.8803905426062884f,0.28373509487351856f,0.3800090636110146f,-0.2926841385249169f,-0.24221947472592495f,-0.4198722497990395f,0.8746639468459813f,-0.1188677025802646f,0f,0f,0f,1f], start_interpolation: 0, interpolation_duration: 1 }
$data merge entity $(block_display_block_display) { transformation: [0.2886666260879707f,-0.5457055047205668f,-0.7866874100306036f,0.34587131905234036f,0.5283331560032045f,0.7760290895256132f,-0.3444458280742293f,-0.037796540874277196f,0.7984582990054528f,-0.31620302706919057f,0.5123280105768171f,-0.3930654910504398f,0f,0f,0f,1f], start_interpolation: 0, interpolation_duration: 1 }
execute on vehicle unless entity @s[tag=aj.transforms_only] positioned ^-1.1985041151 ^-2.3293810683 ^-0.5592201537 rotated ~292.5 ~-67.5 run function animated_java:hollow_bonlo/animations/spin/zzz/frames/zzz/52
execute on vehicle unless entity @s[tag=aj.transforms_only] positioned ^0.9228162284 ^3.2138961268 ^0.3194595028 rotated ~292.5 ~-67.5 run function animated_java:hollow_bonlo/animations/spin/zzz/frames/zzz/53
execute on vehicle unless entity @s[tag=aj.transforms_only] positioned ^-1.2858942404 ^0.4422575292 ^2.6517582721 rotated ~292.5 ~-67.5 run function animated_java:hollow_bonlo/animations/spin/zzz/frames/zzz/54
execute on vehicle unless entity @s[tag=aj.transforms_only] positioned ^1.0102063538 ^0.4422575292 ^-2.891518923 rotated ~292.5 ~-67.5 run function animated_java:hollow_bonlo/animations/spin/zzz/frames/zzz/55