# This file was generated by Animated Java via MC-Build. It is not recommended to edit this file directly.
$data merge entity $(block_display_block_display2) { transformation: [-0.396337068508733f,-0.7700109922110878f,-0.49999999999999994f,0.6111359120657514f,-0.32650557562197685f,0.6272113751262499f,-0.7071067811865477f,0.676776695296637f,0.858085681743767f,-0.11699984096713406f,-0.49999999999999983f,-0.11113591206575157f,0f,0f,0f,1f], start_interpolation: 0, interpolation_duration: 1 }
$data merge entity $(block_display_block_display3) { transformation: [0.07330074247436369f,-0.7700110299082547f,-0.6338059758098973f,0.431218433538229f,0.2691257272339013f,0.6272113248141332f,-0.7308743373287393f,0.4116116523516816f,0.9603115869828558f,-0.11699986258337601f,0.2532048341993896f,-0.5562184335382291f,0f,0f,0f,1f], start_interpolation: 0, interpolation_duration: 1 }
$data merge entity $(block_display_block_display4) { transformation: [0.692330715094736f,-0.5074936272225629f,-0.5129604266070606f,0.002220869120796165f,0.7046933650276166f,0.6284212737586646f,0.32938421937547596f,-0.3396893026590252f,0.15519485243546444f,-0.5895226212928762f,0.7927027417396197f,-0.18972086912079597f,0f,0f,0f,1f], start_interpolation: 0, interpolation_duration: 1 }
$data merge entity $(block_display_block_display) { transformation: [0.07330082238254038f,-0.13951846919751393f,-0.9875027018650764f,0.3169417382415922f,0.26912561413191965f,0.9562002851038796f,-0.11511914951638902f,-0.11871843353822897f,0.9603116125800836f,-0.2573239427648386f,0.10763826096606016f,-0.3169417382415921f,0f,0f,0f,1f], start_interpolation: 0, interpolation_duration: 1 }
execute on vehicle unless entity @s[tag=aj.transforms_only] positioned ^-1.5861674785 ^-1.6655145174 ^-1.6013325215 rotated ~315 ~-45 run function animated_java:hollow_bonlo/animations/spin/zzz/frames/zzz/56
execute on vehicle unless entity @s[tag=aj.transforms_only] positioned ^1.4138325215 ^2.5771261697 ^1.3986674785 rotated ~315 ~-45 run function animated_java:hollow_bonlo/animations/spin/zzz/frames/zzz/57
execute on vehicle unless entity @s[tag=aj.transforms_only] positioned ^-2.2074878221 ^0.4558058262 ^2.0199878221 rotated ~315 ~-45 run function animated_java:hollow_bonlo/animations/spin/zzz/frames/zzz/58
execute on vehicle unless entity @s[tag=aj.transforms_only] positioned ^2.035152865 ^0.4558058262 ^-2.222652865 rotated ~315 ~-45 run function animated_java:hollow_bonlo/animations/spin/zzz/frames/zzz/59