# This file was generated by Animated Java via MC-Build. It is not recommended to edit this file directly.
$data merge entity $(block_display_block_display2) { transformation: [-0.7518696350826141f,-0.5564998219593038f,-0.35355339059327345f,0.6298055262498279f,-0.42660009293331813f,0.8194911538891425f,-0.38268343236508956f,0.4941965893138604f,0.5026971379966481f,-0.1369021433605219f,-0.853553390593274f,0.23912600936979714f,0f,0f,0f,1f], start_interpolation: 0, interpolation_duration: 1 }
$data merge entity $(block_display_block_display3) { transformation: [-0.2816521268174283f,-0.5564998546610653f,-0.7816520909083737f,0.6079504171232167f,-0.03105372981902016f,0.8194911234569006f,-0.5722499143203732f,0.41833981469522646f,0.9590139442800333f,-0.1369021925958834f,-0.24809281396060845f,-0.30359800331945325f,0f,0f,0f,1f], start_interpolation: 0, interpolation_duration: 1 }
$data merge entity $(block_display_block_display4) { transformation: [0.6659822584910248f,-0.12863587445867922f,-0.7347927892797019f,-0.037382297419735394f,0.4217130106847512f,0.8774360103670861f,0.22861361361540505f,-0.25885938226577987f,0.6153257413715083f,-0.4621242901139711f,0.6386042377656616f,-0.3916856595261703f,0f,0f,0f,1f], start_interpolation: 0, interpolation_duration: 1 }
$data merge entity $(block_display_block_display) { transformation: [-0.2816520815241416f,0.11778182108801476f,-0.9522602310263246f,0.33056549105043975f,-0.031053862861182835f,0.9907986552522491f,0.13173337599763268f,-0.10544605339255197f,0.959013953274152f,0.06667433817838558f,-0.2754029231035088f,-0.3199829714040219f,0f,0f,0f,1f], start_interpolation: 0, interpolation_duration: 1 }
execute on vehicle unless entity @s[tag=aj.transforms_only] positioned ^-1.0970298463 ^-0.6719680116 ^-2.6232604023 rotated ~337.5 ~-22.5 run function animated_java:hollow_bonlo/animations/spin/zzz/frames/zzz/60
execute on vehicle unless entity @s[tag=aj.transforms_only] positioned ^1.0242904972 ^1.6241325826 ^2.4980599413 rotated ~337.5 ~-22.5 run function animated_java:hollow_bonlo/animations/spin/zzz/frames/zzz/61
execute on vehicle unless entity @s[tag=aj.transforms_only] positioned ^-2.8080082721 ^0.4760822855 ^1.0854500666 rotated ~337.5 ~-22.5 run function animated_java:hollow_bonlo/animations/spin/zzz/frames/zzz/62
execute on vehicle unless entity @s[tag=aj.transforms_only] positioned ^2.735268923 ^0.4760822855 ^-1.2106505276 rotated ~337.5 ~-22.5 run function animated_java:hollow_bonlo/animations/spin/zzz/frames/zzz/63