# This file was generated by Animated Java via MC-Build. It is not recommended to edit this file directly.
$data merge entity $(block_display_block_display2) { transformation: [-0.8870108331782217f,-0.4617486132350339f,-1.2246467991473532e-16f,0.5f,-0.4617486132350339f,0.8870108331782217f,-2.4492935982947064e-16f,0.3125000000000001f,2.2172329000787631e-16f,-1.6070709941124587e-16f,-1f,0.49999999999999994f,0f,0f,0f,1f], start_interpolation: 0, interpolation_duration: 1 }
$data merge entity $(block_display_block_display3) { transformation: [-0.627211383137961f,-0.461748624605965f,-0.6272113587433392f,0.6875f,-0.32650553800975696f,0.8870108272588872f,-0.3265056293151219f,0.4375f,0.7071067914474625f,-6.523274345110695e-8f,-0.7071067709256296f,-1.1796119636642288e-16f,0f,0f,0f,1f], start_interpolation: 0, interpolation_duration: 1 }
$data merge entity $(block_display_block_display4) { transformation: [0.37981241090485696f,0.05800325796102968f,-0.9232432802834506f,0.12499999999999994f,0.07453067330309457f,0.9928690683743591f,0.09303865756995701f,-0.06250000000000011f,0.9220562408332948f,-0.10414718014108004f,0.3727809727025161f,-0.5624999999999999f,0f,0f,0f,1f], start_interpolation: 0, interpolation_duration: 1 }
$data merge entity $(block_display_block_display) { transformation: [-0.6272113447343207f,0.08330104922034788f,-0.7743816011730614f,0.4375f,-0.3265056707376374f,0.8745569117506395f,0.3585306891820414f,-1.1102230246251565e-16f,0.7071067642249865f,0.477714499788287f,-0.5213337517169747f,-0.31249999999999994f,0f,0f,0f,1f], start_interpolation: 0, interpolation_duration: 1 }
execute on vehicle unless entity @s[tag=aj.transforms_only] positioned ^0 ^0.5 ^-3 rotated ~360 ~0 run function animated_java:hollow_bonlo/animations/spin/zzz/frames/zzz/64
execute on vehicle unless entity @s[tag=aj.transforms_only] positioned ^0 ^0.5 ^3 rotated ~360 ~0 run function animated_java:hollow_bonlo/animations/spin/zzz/frames/zzz/65
execute on vehicle unless entity @s[tag=aj.transforms_only] positioned ^-3 ^0.5 ^0 rotated ~360 ~0 run function animated_java:hollow_bonlo/animations/spin/zzz/frames/zzz/66
execute on vehicle unless entity @s[tag=aj.transforms_only] positioned ^3 ^0.5 ^0 rotated ~360 ~0 run function animated_java:hollow_bonlo/animations/spin/zzz/frames/zzz/67