# This file was generated by Animated Java via MC-Build. It is not recommended to edit this file directly.
$data merge entity $(block_display_block_display2) { transformation: [-0.3963370685087329f,-0.7700109922110878f,0.5f,0.17363591206575135f,-0.3265055756219768f,0.62721137512625f,0.7071067811865475f,0.058058261758407836f,-0.858085681743767f,0.11699984096713384f,-0.49999999999999983f,0.6736359120657514f,0f,0f,0f,1f], start_interpolation: 0, interpolation_duration: 1 }
$data merge entity $(block_display_block_display3) { transformation: [-0.6338060489730986f,-0.7700109646755113f,0.07330079511573234f,0.493718433538229f,-0.7308742872772236f,0.6272114170671635f,0.2691256481601316f,0.49999999999999994f,-0.2532047955353936f,0.1169997973506325f,-0.9603116051250191f,0.6187184335382291f,0f,0f,0f,1f], start_interpolation: 0, interpolation_duration: 1 }
$data merge entity $(block_display_block_display4) { transformation: [-0.22972552573855903f,-0.40334644708148304f,-0.8857413993095765f,0.6272208691207961f,-0.599291076029582f,0.7757076283970936f,-0.1978076880150566f,0.5441941738241591f,0.7668613883978301f,0.4853754411517962f,-0.41992176903710393f,-0.3102791308792037f,0f,0f,0f,1f], start_interpolation: 0, interpolation_duration: 1 }
$data merge entity $(block_display_block_display) { transformation: [-0.6338059418424459f,-0.6172329689858012f,-0.46616895014810145f,0.6919417382415922f,-0.7308743618808107f,0.2806099605610047f,0.6221581126846046f,0.4116116523516815f,-0.2532048483550974f,0.7350384425531254f,-0.6289720126830347f,0.0669417382415923f,0f,0f,0f,1f], start_interpolation: 0, interpolation_duration: 1 }
execute on vehicle unless entity @s[tag=aj.transforms_only] positioned ^1.4763325215 ^2.6655145174 ^-1.3361674785 rotated ~45 ~45 run function animated_java:hollow_bonlo/animations/spin/zzz/frames/zzz/8
execute on vehicle unless entity @s[tag=aj.transforms_only] positioned ^-1.5236674785 ^-1.5771261697 ^1.6638325215 rotated ~45 ~45 run function animated_java:hollow_bonlo/animations/spin/zzz/frames/zzz/9
execute on vehicle unless entity @s[tag=aj.transforms_only] positioned ^-2.1449878221 ^0.5441941738 ^-1.9574878221 rotated ~45 ~45 run function animated_java:hollow_bonlo/animations/spin/zzz/frames/zzz/10
execute on vehicle unless entity @s[tag=aj.transforms_only] positioned ^2.097652865 ^0.5441941738 ^2.285152865 rotated ~45 ~45 run function animated_java:hollow_bonlo/animations/spin/zzz/frames/zzz/11