# This file was generated by Animated Java via MC-Build. It is not recommended to edit this file directly.
$data merge entity $(block_display_block_display2) { transformation: [0.05468274424284508f,-0.9338146483548388f,0.35355339059327406f,0.08095651210268084f,-0.17670354420260323f,0.33944435018566027f,0.9238795325112866f,0.024049560957857652f,-0.9827439417001308f,-0.11299440537019284f,-0.14644660940672644f,0.6954463094807135f,0f,0f,0f,1f], start_interpolation: 0, interpolation_duration: 1 }
$data merge entity $(block_display_block_display3) { transformation: [-0.21133349952976288f,-0.9338146245905803f,0.2886665877396577f,0.22279217714361305f,-0.7782297518898217f,0.33944440818762545f,0.5283331780455016f,0.5338247562591373f,-0.5913515073541377f,-0.1129944275214782f,-0.7984582982843142f,0.8396445909473758f,0f,0f,0f,1f], start_interpolation: 0, interpolation_duration: 1 }
$data merge entity $(block_display_block_display4) { transformation: [-0.2442641021054251f,-0.788448285221627f,-0.5645213458795922f,0.6331832239436033f,-0.8233472348540696f,0.47617399107573866f,-0.30880035796799177f,0.8621652771141909f,0.5122834950306204f,0.3893682469771748f,-0.7654789278387314f,0.060809440821856416f,0f,0f,0f,1f], start_interpolation: 0, interpolation_duration: 1 }
$data merge entity $(block_display_block_display) { transformation: [-0.2113333619183949f,-0.8835006669920035f,-0.4180487789301075f,0.6110363619972958f,-0.778229777532294f,-0.10667220795091803f,0.6188533375630387f,0.6551131085091874f,-0.5913515227868319f,0.45612236458604083f,-0.6650231311932946f,0.4082305339953947f,0f,0f,0f,1f], start_interpolation: 0, interpolation_duration: 1 }
execute on vehicle unless entity @s[tag=aj.transforms_only] positioned ^0.9670104023 ^3.3293810683 ^-0.212765329 rotated ~67.5 ~67.5 run function animated_java:hollow_bonlo/animations/spin/zzz/frames/zzz/12
execute on vehicle unless entity @s[tag=aj.transforms_only] positioned ^-1.1543099413 ^-2.2138961268 ^0.6659143275 rotated ~67.5 ~67.5 run function animated_java:hollow_bonlo/animations/spin/zzz/frames/zzz/13
execute on vehicle unless entity @s[tag=aj.transforms_only] positioned ^-1.2417000666 ^0.5577424708 ^-2.5450640983 rotated ~67.5 ~67.5 run function animated_java:hollow_bonlo/animations/spin/zzz/frames/zzz/14
execute on vehicle unless entity @s[tag=aj.transforms_only] positioned ^1.0544005276 ^0.5577424708 ^2.9982130968 rotated ~67.5 ~67.5 run function animated_java:hollow_bonlo/animations/spin/zzz/frames/zzz/15