# This file was generated by Animated Java via MC-Build. It is not recommended to edit this file directly.
$data merge entity $(block_display_block_display2) { transformation: [0.4617486132350338f,-0.8870108331782217f,2.220446049250313e-16f,-5.551115123125783e-17f,-1.0252878840045419e-16f,1.969559700172811e-16f,1f,0.062499999999999944f,-0.8870108331782217f,-0.4617486132350338f,2.719262146893782e-32f,0.75f,0f,0f,0f,1f], start_interpolation: 0, interpolation_duration: 1 }
$data merge entity $(block_display_block_display3) { transformation: [0.3265055380097569f,-0.8870108272588872f,0.32650562931512184f,-0.1249999999999999f,-0.7071067914474625f,6.523274348735582e-8f,0.7071067709256296f,0.5625f,-0.6272113831379611f,-0.4617486246059649f,-0.6272113587433391f,0.9375f,0f,0f,0f,1f], start_interpolation: 0, interpolation_duration: 1 }
$data merge entity $(block_display_block_display4) { transformation: [-0.07453067330309451f,-0.9928690683743591f,-0.09303865756995709f,0.3750000000000001f,-0.922056240833295f,0.10414718014108001f,-0.372780972702516f,1.125f,0.37981241090485685f,0.05800325796102979f,-0.9232432802834506f,0.37499999999999994f,0f,0f,0f,1f], start_interpolation: 0, interpolation_duration: 1 }
$data merge entity $(block_display_block_display) { transformation: [0.32650567073763737f,-0.8745569117506395f,-0.35853068918204145f,0.3125000000000002f,-0.7071067642249865f,-0.47771449978828706f,0.5213337517169748f,0.8749999999999999f,-0.6272113447343208f,0.08330104922034791f,-0.7743816011730613f,0.6875f,0f,0f,0f,1f], start_interpolation: 0, interpolation_duration: 1 }
execute on vehicle unless entity @s[tag=aj.transforms_only] positioned ^-0.1875 ^3.5625 ^0.25 rotated ~90 ~90 run function animated_java:hollow_bonlo/animations/spin/zzz/frames/zzz/16
execute on vehicle unless entity @s[tag=aj.transforms_only] positioned ^-0.1875 ^-2.4375 ^0.25 rotated ~90 ~90 run function animated_java:hollow_bonlo/animations/spin/zzz/frames/zzz/17
execute on vehicle unless entity @s[tag=aj.transforms_only] positioned ^-0.1875 ^0.5625 ^-2.75 rotated ~90 ~90 run function animated_java:hollow_bonlo/animations/spin/zzz/frames/zzz/18
execute on vehicle unless entity @s[tag=aj.transforms_only] positioned ^-0.1875 ^0.5625 ^3.25 rotated ~90 ~90 run function animated_java:hollow_bonlo/animations/spin/zzz/frames/zzz/19