# This file was generated by Animated Java via MC-Build. It is not recommended to edit this file directly.
$data merge entity $(block_display_block_display2) { transformation: [0.7335714446141657f,-0.5804075599496328f,-0.35355339059327373f,-0.1358739906302034f,0.17670354420260317f,-0.3394443501856602f,0.923879532511287f,0.16755584809476637f,-0.6562383660781541f,-0.7402057804964433f,-0.1464466094067261f,0.8280288309531914f,0f,0f,0f,1f], start_interpolation: 0, interpolation_duration: 1 }
$data merge entity $(block_display_block_display3) { transformation: [0.7687133175611811f,-0.5804075736089553f,0.26871338615976803f,-0.4910980033194539f,-0.5283332319462535f,-0.33944428765323253f,0.7782297678711709f,0.5816601853047736f,-0.36047722733247667f,-0.7402057984621271f,-0.5675839537000105f,0.8838387647715352f,0f,0f,0f,1f], start_interpolation: 0, interpolation_duration: 1 }
$data merge entity $(block_display_block_display4) { transformation: [0.1170322843033132f,-0.9064852342306111f,0.4056944226294257f,-0.047935659526170155f,-0.8803905426062885f,-0.2837350948735194f,-0.3800090636110147f,1.2926841385249175f,0.4595823505316031f,-0.31269620410070464f,-0.8312671935189414f,0.4585570052392899f,0f,0f,0f,1f], start_interpolation: 0, interpolation_duration: 1 }
$data merge entity $(block_display_block_display) { transformation: [0.7687134065304779f,-0.6094613675910783f,-0.19400139183604168f,-0.13248297140402202f,-0.5283331560032042f,-0.7760290895256139f,0.34444582807422897f,1.0377965408742775f,-0.3604771489123866f,-0.16228275824640165f,-0.9185426127774026f,0.761783924588669f,0f,0f,0f,1f], start_interpolation: 0, interpolation_duration: 1 }
execute on vehicle unless entity @s[tag=aj.transforms_only] positioned ^-1.3420104023 ^3.3293810683 ^-0.212765329 rotated ~292.5 ~67.5 run function animated_java:hollow_bonlo/animations/spin/zzz/frames/zzz/20
execute on vehicle unless entity @s[tag=aj.transforms_only] positioned ^0.7793099413 ^-2.2138961268 ^0.6659143275 rotated ~292.5 ~67.5 run function animated_java:hollow_bonlo/animations/spin/zzz/frames/zzz/21
execute on vehicle unless entity @s[tag=aj.transforms_only] positioned ^0.8667000666 ^0.5577424708 ^-2.5450640983 rotated ~292.5 ~67.5 run function animated_java:hollow_bonlo/animations/spin/zzz/frames/zzz/22
execute on vehicle unless entity @s[tag=aj.transforms_only] positioned ^-1.4294005276 ^0.5577424708 ^2.9982130968 rotated ~292.5 ~67.5 run function animated_java:hollow_bonlo/animations/spin/zzz/frames/zzz/23