# This file was generated by Animated Java via MC-Build. It is not recommended to edit this file directly.
$data merge entity $(block_display_block_display2) { transformation: [0.8580856817437665f,-0.11699984096713456f,-0.49999999999999994f,-0.361135912065751f,0.32650557562197663f,-0.6272113751262494f,0.7071067811865479f,0.3232233047033628f,-0.39633706850873324f,-0.770010992211088f,-0.4999999999999995f,0.8611359120657515f,0f,0f,0f,1f], start_interpolation: 0, interpolation_duration: 1 }
$data merge entity $(block_display_block_display3) { transformation: [0.9603115869828556f,-0.11699986258337645f,0.25320483419938933f,-0.8062184335382285f,-0.2691257272339016f,-0.6272113248141327f,0.7308743373287392f,0.5883883476483184f,0.07330074247436319f,-0.7700110299082548f,-0.6338059758098973f,0.6812184335382293f,0f,0f,0f,1f], start_interpolation: 0, interpolation_duration: 1 }
$data merge entity $(block_display_block_display4) { transformation: [0.15519485243546477f,-0.5895226212928765f,0.7927027417396193f,-0.43972086912079567f,-0.7046933650276168f,-0.6284212737586641f,-0.32938421937547596f,1.339689302659025f,0.6923307150947356f,-0.5074936272225627f,-0.5129604266070612f,0.25222086912079655f,0f,0f,0f,1f], start_interpolation: 0, interpolation_duration: 1 }
$data merge entity $(block_display_block_display) { transformation: [0.9603116125800832f,-0.25732394276483866f,0.1076382609660596f,-0.5669417382415917f,-0.26912561413192f,-0.9562002851038791f,0.11511914951638935f,1.1187184335382288f,0.07330082238253988f,-0.1395184691975141f,-0.9875027018650764f,0.5669417382415927f,0f,0f,0f,1f], start_interpolation: 0, interpolation_duration: 1 }
execute on vehicle unless entity @s[tag=aj.transforms_only] positioned ^-1.8513325215 ^2.6655145174 ^-1.3361674785 rotated ~315 ~45 run function animated_java:hollow_bonlo/animations/spin/zzz/frames/zzz/24
execute on vehicle unless entity @s[tag=aj.transforms_only] positioned ^1.1486674785 ^-1.5771261697 ^1.6638325215 rotated ~315 ~45 run function animated_java:hollow_bonlo/animations/spin/zzz/frames/zzz/25
execute on vehicle unless entity @s[tag=aj.transforms_only] positioned ^1.7699878221 ^0.5441941738 ^-1.9574878221 rotated ~315 ~45 run function animated_java:hollow_bonlo/animations/spin/zzz/frames/zzz/26
execute on vehicle unless entity @s[tag=aj.transforms_only] positioned ^-2.472652865 ^0.5441941738 ^2.285152865 rotated ~315 ~45 run function animated_java:hollow_bonlo/animations/spin/zzz/frames/zzz/27