# This file was generated by Animated Java via MC-Build. It is not recommended to edit this file directly.
$data merge entity $(block_display_block_display2) { transformation: [0.8871126726956711f,0.2967003639073319f,-0.35355339059327406f,-0.640528830953191f,0.4266000929333181f,-0.8194911538891424f,0.3826834323650903f,0.5058034106861393f,-0.17619156237467165f,-0.4903092317657287f,-0.8535533905932734f,0.7653157288717956f,0f,0f,0f,1f], start_interpolation: 0, interpolation_duration: 1 }
$data merge entity $(block_display_block_display3) { transformation: [0.8772833920610865f,0.29670035221631136f,0.37728338289475616f,-1.0088387647715351f,0.031053729819019604f,-0.8194911234569004f,0.5722499143203736f,0.5816601853047736f,0.4789671344446524f,-0.4903092897040241f,-0.7281396051251532f,0.36609800331945397f,0f,0f,0f,1f], start_interpolation: 0, interpolation_duration: 1 }
$data merge entity $(block_display_block_display4) { transformation: [-0.03581956676650255f,-0.23581192015701524f,0.9711383510852208f,-0.6148070052392898f,-0.42171301068475187f,-0.8774360103670859f,-0.22861361361540533f,1.25885938226578f,0.9060215754913687f,-0.4177305184242025f,-0.06801557704808969f,-0.15250851429798853f,0f,0f,0f,1f], start_interpolation: 0, interpolation_duration: 1 }
$data merge entity $(block_display_block_display) { transformation: [0.8772833663936987f,-0.03613844773477476f,0.47861039232789415f,-0.8242839245886688f,0.031053862861182335f,-0.9907986552522494f,-0.1317333759976323f,1.1054460533925523f,0.47896717283164475f,0.13043020104889674f,-0.868088941298071f,0.1583713190523409f,0f,0f,0f,1f], start_interpolation: 0, interpolation_duration: 1 }
execute on vehicle unless entity @s[tag=aj.transforms_only] positioned ^-1.443484671 ^1.6719680116 ^-2.4797541151 rotated ~337.5 ~22.5 run function animated_java:hollow_bonlo/animations/spin/zzz/frames/zzz/28
execute on vehicle unless entity @s[tag=aj.transforms_only] positioned ^0.6778356725 ^-0.6241325826 ^2.6415662284 rotated ~337.5 ~22.5 run function animated_java:hollow_bonlo/animations/spin/zzz/frames/zzz/29
execute on vehicle unless entity @s[tag=aj.transforms_only] positioned ^2.3888140983 ^0.5239177145 ^-1.0671442404 rotated ~337.5 ~22.5 run function animated_java:hollow_bonlo/animations/spin/zzz/frames/zzz/30
execute on vehicle unless entity @s[tag=aj.transforms_only] positioned ^-3.1544630968 ^0.5239177145 ^1.2289563538 rotated ~337.5 ~22.5 run function animated_java:hollow_bonlo/animations/spin/zzz/frames/zzz/31