# This file was generated by Animated Java via MC-Build. It is not recommended to edit this file directly.
$data merge entity $(block_display_block_display2) { transformation: [0.8870108331782217f,0.4617486132350339f,0f,-0.875f,0.4617486132350339f,-0.8870108331782217f,1.2246467991473532e-16f,0.6875f,5.654789612090135e-17f,-1.0862749776607361e-16f,-1f,0.5f,0f,0f,0f,1f], start_interpolation: 0, interpolation_duration: 1 }
$data merge entity $(block_display_block_display3) { transformation: [0.6272113831379611f,0.461748624605965f,0.6272113587433391f,-1.0625f,0.326505538009757f,-0.8870108272588872f,0.32650562931512184f,0.5625f,0.7071067914474624f,-6.523274339902735e-8f,-0.7071067709256297f,-1.3877787807814457e-17f,0f,0f,0f,1f], start_interpolation: 0, interpolation_duration: 1 }
$data merge entity $(block_display_block_display4) { transformation: [-0.37981241090485685f,-0.058003257961029696f,0.9232432802834506f,-0.5f,-0.07453067330309446f,-0.9928690683743591f,-0.09303865756995695f,1.0625f,0.922056240833295f,-0.10414718014107992f,0.372780972702516f,-0.5624999999999999f,0f,0f,0f,1f], start_interpolation: 0, interpolation_duration: 1 }
$data merge entity $(block_display_block_display) { transformation: [0.6272113447343208f,-0.08330104922034783f,0.7743816011730613f,-0.8125f,0.3265056707376375f,-0.8745569117506395f,-0.35853068918204145f,1f,0.7071067642249864f,0.4777144997882871f,-0.5213337517169747f,-0.31249999999999994f,0f,0f,0f,1f], start_interpolation: 0, interpolation_duration: 1 }
execute on vehicle unless entity @s[tag=aj.transforms_only] positioned ^-0.375 ^0.5 ^-3 rotated ~0 ~0 run function animated_java:hollow_bonlo/animations/spin/zzz/frames/zzz/32
execute on vehicle unless entity @s[tag=aj.transforms_only] positioned ^-0.375 ^0.5 ^3 rotated ~0 ~0 run function animated_java:hollow_bonlo/animations/spin/zzz/frames/zzz/33
execute on vehicle unless entity @s[tag=aj.transforms_only] positioned ^2.625 ^0.5 ^0 rotated ~0 ~0 run function animated_java:hollow_bonlo/animations/spin/zzz/frames/zzz/34
execute on vehicle unless entity @s[tag=aj.transforms_only] positioned ^-3.375 ^0.5 ^0 rotated ~0 ~0 run function animated_java:hollow_bonlo/animations/spin/zzz/frames/zzz/35