# This file was generated by Animated Java via MC-Build. It is not recommended to edit this file directly.
$data merge entity $(block_display_block_display2) { transformation: [0.8871126726956706f,0.29670036390733223f,0.35355339059327373f,-0.9498880477223055f,0.42660009293331796f,-0.8194911538891422f,-0.3826834323650896f,0.840651414005593f,0.1761915623746715f,0.49030923176572794f,-0.8535533905932738f,0.1065434878973193f,0f,0f,0f,1f], start_interpolation: 0, interpolation_duration: 1 }
$data merge entity $(block_display_block_display3) { transformation: [0.3772833848055236f,0.29670039834282674f,0.8772833756391916f,-0.9646445909473758f,0.572249837818581f,-0.8194911733838803f,0.03105382202754292f,0.5338247562591373f,0.7281396642583722f,0.4903091783447649f,-0.4789671585449118f,-0.34779217714361277f,0f,0f,0f,1f], start_interpolation: 0, interpolation_duration: 1 }
$data merge entity $(block_display_block_display4) { transformation: [-0.687811787295102f,-0.1621687428378003f,0.7075423973899542f,-0.17286526699769747f,0.2839982834667228f,-0.957146811102153f,0.056700590692986136f,0.7805050918094176f,0.6680268858705253f,0.2399401609639078f,0.7043925034458715f,-0.789433223943603f,0f,0f,0f,1f], start_interpolation: 0, interpolation_duration: 1 }
$data merge entity $(block_display_block_display) { transformation: [0.37728337838733306f,-0.37393361000621184f,0.847249023428391f,-0.5591188816437134f,0.5722499500255627f,-0.6251718063131416f,-0.5307449550272751f,0.8184334791187347f,0.7281395793997065f,0.6850794610108273f,-0.021883441519400693f,-0.6735363619972956f,0f,0f,0f,1f], start_interpolation: 0, interpolation_duration: 1 }
execute on vehicle unless entity @s[tag=aj.transforms_only] positioned ^0.7220298463 ^-0.6719680116 ^-2.6232604023 rotated ~22.5 ~-22.5 run function animated_java:hollow_bonlo/animations/spin/zzz/frames/zzz/36
execute on vehicle unless entity @s[tag=aj.transforms_only] positioned ^-1.3992904972 ^1.6241325826 ^2.4980599413 rotated ~22.5 ~-22.5 run function animated_java:hollow_bonlo/animations/spin/zzz/frames/zzz/37
execute on vehicle unless entity @s[tag=aj.transforms_only] positioned ^2.4330082721 ^0.4760822855 ^1.0854500666 rotated ~22.5 ~-22.5 run function animated_java:hollow_bonlo/animations/spin/zzz/frames/zzz/38
execute on vehicle unless entity @s[tag=aj.transforms_only] positioned ^-3.110268923 ^0.4760822855 ^-1.2106505276 rotated ~22.5 ~-22.5 run function animated_java:hollow_bonlo/animations/spin/zzz/frames/zzz/39