# This file was generated by Animated Java via MC-Build. It is not recommended to edit this file directly.
$data merge entity $(bone_leftleg) { transformation: [-0.9395819577388537f,-0.33817857446429833f,-0.053113053620725284f,0.18124999999999997f,0.00944104379820147f,0.12949612874810432f,-0.9915349813956413f,1.6653345369377348e-16f,0.342193821369737f,-0.9321298216517641f,-0.11847946743561573f,0.125f,0f,0f,0f,1f], start_interpolation: 0, interpolation_duration: 1 }
$data merge entity $(bone_rightleg) { transformation: [-0.9396926207859084f,0.33682408883346526f,0.05939117461388471f,-0.18125000000000002f,7.594372760115068e-17f,0.17364817766693053f,-0.984807753012208f,1.6653345369377348e-16f,-0.34202014332566877f,-0.9254165783983234f,-0.16317591116653504f,0.125f,0f,0f,0f,1f], start_interpolation: 0, interpolation_duration: 1 }
$data merge entity $(item_display_item_display) { transformation: [-0.0009238795090714666f,2.6591161249980018e-12f,-0.00038268348895381904f,0.6562643828787516f,-0.0003314136374060933f,-0.0004999999405506901f,0.0008001031560933692f,-0.5601866357015184f,-0.0001913417195990729f,0.0008660254381075117f,0.0004619397004930009f,-0.9123394600167458f,0f,0f,0f,1f], start_interpolation: 0, interpolation_duration: 1 }
$data merge entity $(bone_leftarm) { transformation: [-0.9238795090714658f,-0.3826834889538187f,-2.6591162099708035e-9f,0.31250000000000006f,-0.33141363740609303f,0.8001031560933684f,0.4999999405506898f,0.06250000000000033f,-0.19134171959907273f,0.4619397004930007f,-0.8660254381075109f,-0.625f,0f,0f,0f,1f], start_interpolation: 0, interpolation_duration: 1 }
$data merge entity $(bone_rightarm) { transformation: [-0.9762960216792667f,0.2164395482651828f,-2.2767624407451073e-8f,-0.31249999999999994f,0.1530458584815981f,0.6903455494471182f,0.7071067723902716f,0.06250000000000032f,0.15304588610893f,0.6903455253025982f,-0.7071067899828232f,-0.5625f,0f,0f,0f,1f], start_interpolation: 0, interpolation_duration: 1 }
$data merge entity $(bone_body) { transformation: [-1f,1.2246467991473532e-16f,2.719262146893782e-32f,7.654042494670957e-17f,0f,2.220446049250313e-16f,-1f,3.3306690738754696e-16f,-1.2246467991473532e-16f,-1f,-2.220446049250313e-16f,-0.625f,0f,0f,0f,1f], start_interpolation: 0, interpolation_duration: 1 }
$data merge entity $(bone_head) { transformation: [-1f,1.1507915602278503e-16f,-4.1885387376769887e-17f,7.654042494670957e-17f,0f,-0.34202014332566844f,-0.9396926207859085f,3.3306690738754696e-16f,-1.2246467991473532e-16f,-0.9396926207859085f,0.34202014332566844f,-0.625f,0f,0f,0f,1f], start_interpolation: 0, interpolation_duration: 1 }
execute on vehicle unless entity @s[tag=aj.transforms_only] positioned ^0 ^0 ^-0.1875 rotated ~0 ~-90 run function animated_java:bonlo/animations/initiate/zzz/frames/zzz/0
execute on vehicle unless entity @s[tag=aj.transforms_only] at @s run function animated_java:bonlo/animations/initiate/zzz/frames/zzz/1