# This file was generated by Animated Java via MC-Build. It is not recommended to edit this file directly.
$data merge entity $(bone_leftleg) { transformation: [-0.9395819577388537f,-0.33817857446429833f,-0.053113053620725284f,0.18124999999999997f,0.00944104379820147f,0.12949612874810432f,-0.9915349813956413f,0.011160714285714452f,0.342193821369737f,-0.9321298216517641f,-0.11847946743561573f,0.125f,0f,0f,0f,1f], start_interpolation: 0, interpolation_duration: 1 }
$data merge entity $(bone_rightleg) { transformation: [-0.9396926207859084f,0.33682408883346526f,0.05939117461388471f,-0.18125000000000002f,7.594372760115068e-17f,0.17364817766693053f,-0.984807753012208f,0.011160714285714452f,-0.34202014332566877f,-0.9254165783983234f,-0.16317591116653504f,0.125f,0f,0f,0f,1f], start_interpolation: 0, interpolation_duration: 1 }
$data merge entity $(item_display_item_display) { transformation: [-0.0009196033757274776f,-0.00002334657411231324f,-0.00039215375661575335f,0.6617857684221627f,-0.0003234633833640397f,-0.0005214883283669996f,0.0007895703660850516f,-0.5427848950628468f,-0.0002229373700690792f,0.0008529389549400426f,0.00047201066531644346f,-0.9174967205536496f,0f,0f,0f,1f], start_interpolation: 0, interpolation_duration: 1 }
$data merge entity $(bone_leftarm) { transformation: [-0.9196033757274769f,-0.392153756615753f,0.023346574112313133f,0.31250000000000006f,-0.3234633833640394f,0.7895703660850507f,0.5214883283669993f,0.07366071428571462f,-0.22293737006907902f,0.4720106653164432f,-0.8529389549400418f,-0.6234375000000001f,0f,0f,0f,1f], start_interpolation: 0, interpolation_duration: 1 }
$data merge entity $(bone_rightarm) { transformation: [-0.9708409954155978f,0.23861142938708083f,-0.023072654513632024f,-0.31249999999999994f,0.1492487492648216f,0.6769428537027805f,0.720744881122039f,0.0736607142857146f,0.1875968348969078f,0.6962851130008382f,-0.692816331324596f,-0.5625f,0f,0f,0f,1f], start_interpolation: 0, interpolation_duration: 1 }
$data merge entity $(bone_body) { transformation: [-1f,1.2246467991473532e-16f,2.719262146893782e-32f,7.654042494670957e-17f,0f,2.220446049250313e-16f,-1f,0.011160714285714619f,-1.2246467991473532e-16f,-1f,-2.220446049250313e-16f,-0.625f,0f,0f,0f,1f], start_interpolation: 0, interpolation_duration: 1 }
$data merge entity $(bone_head) { transformation: [-1f,1.1544028848095246e-16f,-4.0879550169406843e-17f,7.654042494670957e-17f,0f,-0.33380685923377074f,-0.9426414910921785f,0.011160714285714619f,-1.2246467991473532e-16f,-0.9426414910921785f,0.33380685923377074f,-0.625f,0f,0f,0f,1f], start_interpolation: 0, interpolation_duration: 1 }
execute on vehicle unless entity @s[tag=aj.transforms_only] positioned ^0 ^0.0111607143 ^-0.1875 rotated ~0 ~-90 run function animated_java:bonlo/animations/initiate/zzz/frames/zzz/2