# This file was generated by Animated Java via MC-Build. It is not recommended to edit this file directly.
$data merge entity $(bone_leftleg) { transformation: [-0.9395819577388537f,-0.33817857446429833f,-0.053113053620725284f,0.18124999999999997f,0.00944104379820147f,0.12949612874810432f,-0.9915349813956413f,0.11160714285714302f,0.342193821369737f,-0.9321298216517641f,-0.11847946743561573f,0.125f,0f,0f,0f,1f], start_interpolation: 0, interpolation_duration: 1 }
$data merge entity $(bone_rightleg) { transformation: [-0.9396926207859084f,0.33682408883346526f,0.05939117461388471f,-0.18125000000000002f,7.594372760115068e-17f,0.17364817766693053f,-0.984807753012208f,0.11160714285714302f,-0.34202014332566877f,-0.9254165783983234f,-0.16317591116653504f,0.125f,0f,0f,0f,1f], start_interpolation: 0, interpolation_duration: 1 }
$data merge entity $(item_display_item_display) { transformation: [-0.0008300551838254139f,-0.0001988126426880896f,-0.0005210392738670841f,0.7440572602458253f,-0.0002509486416121371f,-0.0007012026292889202f,0.0006673377345477554f,-0.36444718297539447f,-0.0004980292873693107f,0.0006846812439271909f,0.0005321451147353824f,-0.9443289248257556f,0f,0f,0f,1f], start_interpolation: 0, interpolation_duration: 1 }
$data merge entity $(bone_leftarm) { transformation: [-0.8300551838254131f,-0.5210392738670837f,0.19881264268808932f,0.31250000000000006f,-0.25094864161213687f,0.6673377345477547f,0.7012026292889196f,0.17410714285714318f,-0.49802928736931024f,0.532145114735382f,-0.6846812439271901f,-0.609375f,0f,0f,0f,1f], start_interpolation: 0, interpolation_duration: 1 }
$data merge entity $(bone_rightarm) { transformation: [-0.8672849912053959f,0.46285187855674836f,-0.18326178692336648f,-0.31249999999999994f,0.11498240157604767f,0.5444336015834506f,0.8308857326941391f,0.17410714285714318f,0.48435089693079003f,0.6995428449947587f,-0.525398911931665f,-0.5625f,0f,0f,0f,1f], start_interpolation: 0, interpolation_duration: 1 }
$data merge entity $(bone_body) { transformation: [-1f,1.2246467991473532e-16f,2.719262146893782e-32f,7.654042494670957e-17f,0f,2.220446049250313e-16f,-1f,0.11160714285714318f,-1.2246467991473532e-16f,-1f,-2.220446049250313e-16f,-0.625f,0f,0f,0f,1f], start_interpolation: 0, interpolation_duration: 1 }
$data merge entity $(bone_head) { transformation: [-1f,1.1829179713786698e-16f,-3.1696191514317625e-17f,7.654042494670957e-17f,0f,-0.2588190451025205f,-0.9659258262890684f,0.11160714285714318f,-1.2246467991473532e-16f,-0.9659258262890684f,0.2588190451025205f,-0.625f,0f,0f,0f,1f], start_interpolation: 0, interpolation_duration: 1 }
execute on vehicle unless entity @s[tag=aj.transforms_only] positioned ^0 ^0.1116071429 ^-0.1875 rotated ~0 ~-90 run function animated_java:bonlo/animations/initiate/zzz/frames/zzz/11