# This file was generated by Animated Java via MC-Build. It is not recommended to edit this file directly.
$data merge entity $(bone_leftleg) { transformation: [-0.9395819577388537f,-0.33817857446429833f,-0.053113053620725284f,0.18124999999999997f,0.00944104379820147f,0.12949612874810432f,-0.9915349813956413f,0.12276785714285733f,0.342193821369737f,-0.9321298216517641f,-0.11847946743561573f,0.125f,0f,0f,0f,1f], start_interpolation: 0, interpolation_duration: 1 }
$data merge entity $(bone_rightleg) { transformation: [-0.9396926207859084f,0.33682408883346526f,0.05939117461388471f,-0.18125000000000002f,7.594372760115068e-17f,0.17364817766693053f,-0.984807753012208f,0.12276785714285733f,-0.34202014332566877f,-0.9254165783983234f,-0.16317591116653504f,0.125f,0f,0f,0f,1f], start_interpolation: 0, interpolation_duration: 1 }
$data merge entity $(item_display_item_display) { transformation: [-0.0008145899920196859f,-0.00021317100136355018f,-0.0005394453346531335f,0.7563245671388994f,-0.00024279496712364593f,-0.0007193092121944815f,0.0006508800666724891f,-0.3423278025563649f,-0.0005267767542714823f,0.0006611750006086267f,0.0005341852391534109f,-0.9441741148886656f,0f,0f,0f,1f], start_interpolation: 0, interpolation_duration: 1 }
$data merge entity $(bone_leftarm) { transformation: [-0.8145899920196852f,-0.539445334653133f,0.21317100136354988f,0.31250000000000006f,-0.2427949671236457f,0.6508800666724884f,0.719309212194481f,0.18526785714285748f,-0.5267767542714817f,0.5341852391534105f,-0.661175000608626f,-0.6078125000000001f,0f,0f,0f,1f], start_interpolation: 0, interpolation_duration: 1 }
$data merge entity $(bone_rightarm) { transformation: [-0.8499796782665983f,0.48938187625840796f,-0.1950382673313379f,-0.31249999999999994f,0.1111657968109514f,0.528498549661524f,0.8416242918458637f,0.18526785714285748f,0.5149531164612915f,0.6936819604079854f,-0.5036155534247703f,-0.5625f,0f,0f,0f,1f], start_interpolation: 0, interpolation_duration: 1 }
$data merge entity $(bone_body) { transformation: [-1f,1.2246467991473532e-16f,2.719262146893782e-32f,7.654042494670957e-17f,0f,2.220446049250313e-16f,-1f,0.1227678571428575f,-1.2246467991473532e-16f,-1f,-2.220446049250313e-16f,-0.625f,0f,0f,0f,1f], start_interpolation: 0, interpolation_duration: 1 }
$data merge entity $(bone_head) { transformation: [-1f,1.1856389088911123e-16f,-3.0662707053577273e-17f,7.654042494670957e-17f,0f,-0.25038000405444116f,-0.9681476403781079f,0.1227678571428575f,-1.2246467991473532e-16f,-0.9681476403781079f,0.25038000405444116f,-0.625f,0f,0f,0f,1f], start_interpolation: 0, interpolation_duration: 1 }
execute on vehicle unless entity @s[tag=aj.transforms_only] positioned ^0 ^0.1227678571 ^-0.1875 rotated ~0 ~-90 run function animated_java:bonlo/animations/initiate/zzz/frames/zzz/12