# This file was generated by Animated Java via MC-Build. It is not recommended to edit this file directly.
$data merge entity $(bone_leftleg) { transformation: [-0.9395819577388537f,-0.33817857446429833f,-0.053113053620725284f,0.18124999999999997f,0.00944104379820147f,0.12949612874810432f,-0.9915349813956413f,0.1339285714285716f,0.342193821369737f,-0.9321298216517641f,-0.11847946743561573f,0.125f,0f,0f,0f,1f], start_interpolation: 0, interpolation_duration: 1 }
$data merge entity $(bone_rightleg) { transformation: [-0.9396926207859084f,0.33682408883346526f,0.05939117461388471f,-0.18125000000000002f,7.594372760115068e-17f,0.17364817766693053f,-0.984807753012208f,0.1339285714285716f,-0.34202014332566877f,-0.9254165783983234f,-0.16317591116653504f,0.125f,0f,0f,0f,1f], start_interpolation: 0, interpolation_duration: 1 }
$data merge entity $(item_display_item_display) { transformation: [-0.0007980719559799839f,-0.00022627122103203144f,-0.0005584644013820023f,0.7690787022631486f,-0.00023462410341370537f,-0.0007369785445157066f,0.000633888125003795f,-0.31977467710203206f,-0.0005550069217366567f,0.0006369175452569867f,0.0005350732261739662f,-0.9432168490314004f,0f,0f,0f,1f], start_interpolation: 0, interpolation_duration: 1 }
$data merge entity $(bone_leftarm) { transformation: [-0.7980719559799831f,-0.5584644013820018f,0.2262712210320311f,0.31250000000000006f,-0.23462410341370515f,0.6338881250037942f,0.7369785445157061f,0.19642857142857176f,-0.5550069217366561f,0.5350732261739659f,-0.636917545256986f,-0.60625f,0f,0f,0f,1f], start_interpolation: 0, interpolation_duration: 1 }
$data merge entity $(bone_rightarm) { transformation: [-0.831582180429762f,0.5159858355926059f,-0.205498648802086f,-0.31249999999999994f,0.10734755178029011f,0.512344146548336f,0.8520445872279426f,0.19642857142857173f,0.544928968140308f,0.6864853188273274f,-0.4814460787212642f,-0.5625f,0f,0f,0f,1f], start_interpolation: 0, interpolation_duration: 1 }
$data merge entity $(bone_body) { transformation: [-1f,1.2246467991473532e-16f,2.719262146893782e-32f,7.654042494670957e-17f,0f,2.220446049250313e-16f,-1f,0.13392857142857176f,-1.2246467991473532e-16f,-1f,-2.220446049250313e-16f,-0.625f,0f,0f,0f,1f], start_interpolation: 0, interpolation_duration: 1 }
$data merge entity $(bone_head) { transformation: [-1f,1.1882695554102554e-16f,-2.9626887508979295e-17f,7.654042494670957e-17f,0f,-0.24192189559966745f,-0.9702957262759965f,0.13392857142857176f,-1.2246467991473532e-16f,-0.9702957262759965f,0.24192189559966745f,-0.625f,0f,0f,0f,1f], start_interpolation: 0, interpolation_duration: 1 }
execute on vehicle unless entity @s[tag=aj.transforms_only] positioned ^0 ^0.1339285714 ^-0.1875 rotated ~0 ~-90 run function animated_java:bonlo/animations/initiate/zzz/frames/zzz/13