# This file was generated by Animated Java via MC-Build. It is not recommended to edit this file directly.
$data merge entity $(bone_leftleg) { transformation: [-0.9395819577388537f,-0.33817857446429833f,-0.053113053620725284f,0.18124999999999997f,0.00944104379820147f,0.12949612874810432f,-0.9915349813956413f,0.1450892857142859f,0.342193821369737f,-0.9321298216517641f,-0.11847946743561573f,0.125f,0f,0f,0f,1f], start_interpolation: 0, interpolation_duration: 1 }
$data merge entity $(bone_rightleg) { transformation: [-0.9396926207859084f,0.33682408883346526f,0.05939117461388471f,-0.18125000000000002f,7.594372760115068e-17f,0.17364817766693053f,-0.984807753012208f,0.1450892857142859f,-0.34202014332566877f,-0.9254165783983234f,-0.16317591116653504f,0.125f,0f,0f,0f,1f], start_interpolation: 0, interpolation_duration: 1 }
$data merge entity $(item_display_item_display) { transformation: [-0.0007805197172829377f,-0.00023806022324394935f,-0.0005780279414021488f,0.7822717754635565f,-0.00022643662895718025f,-0.0007541939965956359f,0.0006163747793068864f,-0.2967965479156f,-0.000582679520833771f,0.0006119793669791046f,0.0005347577305591605f,-0.9414158360682661f,0f,0f,0f,1f], start_interpolation: 0, interpolation_duration: 1 }
$data merge entity $(bone_leftarm) { transformation: [-0.780519717282937f,-0.5780279414021483f,0.23806022324394902f,0.31250000000000006f,-0.22643662895718006f,0.6163747793068857f,0.7541939965956354f,0.20758928571428606f,-0.5826795208337705f,0.5347577305591602f,-0.6119793669791039f,-0.6046875f,0f,0f,0f,1f], start_interpolation: 0, interpolation_duration: 1 }
$data merge entity $(bone_rightarm) { transformation: [-0.8121154632824289f,0.5425910820837786f,-0.2146238382396517f,-0.31249999999999994f,0.10352772282275802f,0.4959769885177041f,0.8621420053958876f,0.20758928571428603f,0.574239048571847f,0.6779393368908924f,-0.4589638009595489f,-0.5625f,0f,0f,0f,1f], start_interpolation: 0, interpolation_duration: 1 }
$data merge entity $(bone_body) { transformation: [-1f,1.2246467991473532e-16f,2.719262146893782e-32f,7.654042494670957e-17f,0f,2.220446049250313e-16f,-1f,0.14508928571428606f,-1.2246467991473532e-16f,-1f,-2.220446049250313e-16f,-0.625f,0f,0f,0f,1f], start_interpolation: 0, interpolation_duration: 1 }
$data merge entity $(bone_head) { transformation: [-1f,1.1908097106021811e-16f,-2.858881176219235e-17f,7.654042494670957e-17f,0f,-0.2334453638559052f,-0.9723699203976766f,0.14508928571428606f,-1.2246467991473532e-16f,-0.9723699203976766f,0.2334453638559052f,-0.625f,0f,0f,0f,1f], start_interpolation: 0, interpolation_duration: 1 }
execute on vehicle unless entity @s[tag=aj.transforms_only] positioned ^0 ^0.1450892857 ^-0.1875 rotated ~0 ~-90 run function animated_java:bonlo/animations/initiate/zzz/frames/zzz/14