# This file was generated by Animated Java via MC-Build. It is not recommended to edit this file directly.
$data merge entity $(bone_leftleg) { transformation: [-0.9395819577388537f,-0.33817857446429833f,-0.053113053620725284f,0.18124999999999997f,0.00944104379820147f,0.12949612874810432f,-0.9915349813956413f,0.17857142857142874f,0.342193821369737f,-0.9321298216517641f,-0.11847946743561573f,0.125f,0f,0f,0f,1f], start_interpolation: 0, interpolation_duration: 1 }
$data merge entity $(bone_rightleg) { transformation: [-0.9396926207859084f,0.33682408883346526f,0.05939117461388471f,-0.18125000000000002f,7.594372760115068e-17f,0.17364817766693053f,-0.984807753012208f,0.17857142857142874f,-0.34202014332566877f,-0.9254165783983234f,-0.16317591116653504f,0.125f,0f,0f,0f,1f], start_interpolation: 0, interpolation_duration: 1 }
$data merge entity $(item_display_item_display) { transformation: [-0.000721867850361616f,-0.00026509135924516217f,-0.0006392443803959903f,0.8239606966819606f,-0.00020178034325037022f,-0.0008029569675206088f,0.0005608429382526555f,-0.22540597800842505f,-0.0006619603460118015f,0.0005338414367241095f,0.0005261385946157872f,-0.9305803191361168f,0f,0f,0f,1f], start_interpolation: 0, interpolation_duration: 1 }
$data merge entity $(bone_leftarm) { transformation: [-0.7218678503616154f,-0.6392443803959899f,0.26509135924516175f,0.31250000000000006f,-0.20178034325037003f,0.5608429382526547f,0.8029569675206082f,0.2410714285714289f,-0.661960346011801f,0.5261385946157868f,-0.533841436724109f,-0.6000000000000001f,0f,0f,0f,1f], start_interpolation: 0, interpolation_duration: 1 }
$data merge entity $(bone_rightarm) { transformation: [-0.7475509959106893f,0.621673350368193f,-0.23385840578205103f,-0.31249999999999994f,0.09205929612145544f,0.44566641835560855f,0.8904529912059961f,0.24107142857142888f,0.65779373249565f,0.6441301801593131f,-0.3903891859380479f,-0.5625f,0f,0f,0f,1f], start_interpolation: 0, interpolation_duration: 1 }
$data merge entity $(bone_body) { transformation: [-1f,1.2246467991473532e-16f,2.719262146893782e-32f,7.654042494670957e-17f,0f,2.220446049250313e-16f,-1f,0.1785714285714289f,-1.2246467991473532e-16f,-1f,-2.220446049250313e-16f,-0.625f,0f,0f,0f,1f], start_interpolation: 0, interpolation_duration: 1 }
$data merge entity $(bone_head) { transformation: [-1f,1.1978853283323184e-16f,-2.5461838666528277e-17f,7.654042494670957e-17f,0f,-0.20791169081775907f,-0.9781476007338057f,0.1785714285714289f,-1.2246467991473532e-16f,-0.9781476007338057f,0.20791169081775907f,-0.625f,0f,0f,0f,1f], start_interpolation: 0, interpolation_duration: 1 }
execute on vehicle unless entity @s[tag=aj.transforms_only] positioned ^0 ^0.1785714286 ^-0.1875 rotated ~0 ~-90 run function animated_java:bonlo/animations/initiate/zzz/frames/zzz/17