# This file was generated by Animated Java via MC-Build. It is not recommended to edit this file directly.
$data merge entity $(bone_leftleg) { transformation: [-0.9395819577388537f,-0.33817857446429833f,-0.053113053620725284f,0.18124999999999997f,0.00944104379820147f,0.12949612874810432f,-0.9915349813956413f,0.18973214285714302f,0.342193821369737f,-0.9321298216517641f,-0.11847946743561573f,0.125f,0f,0f,0f,1f], start_interpolation: 0, interpolation_duration: 1 }
$data merge entity $(bone_rightleg) { transformation: [-0.9396926207859084f,0.33682408883346526f,0.05939117461388471f,-0.18125000000000002f,7.594372760115068e-17f,0.17364817766693053f,-0.984807753012208f,0.18973214285714302f,-0.34202014332566877f,-0.9254165783983234f,-0.16317591116653504f,0.125f,0f,0f,0f,1f], start_interpolation: 0, interpolation_duration: 1 }
$data merge entity $(item_display_item_display) { transformation: [-0.000700396534910058f,-0.00027118950509917247f,-0.0006602279501884571f,0.8383717730386905f,-0.00019353223346001933f,-0.0008181989786552436f,0.0005413831415360987f,-0.20082375059795807f,-0.0006870152607460494f,0.0005069582661833071f,0.0005205798189043206f,-0.9250501118611223f,0f,0f,0f,1f], start_interpolation: 0, interpolation_duration: 1 }
$data merge entity $(bone_leftarm) { transformation: [-0.7003965349100574f,-0.6602279501884566f,0.27118950509917206f,0.31250000000000006f,-0.19353223346001916f,0.541383141536098f,0.8181989786552429f,0.2522321428571432f,-0.6870152607460488f,0.5205798189043203f,-0.5069582661833065f,-0.5984375f,0f,0f,0f,1f], start_interpolation: 0, interpolation_duration: 1 }
$data merge entity $(bone_rightarm) { transformation: [-0.7240652829021129f,0.6475393152825979f,-0.2375337897210153f,-0.31249999999999994f,0.08823369529832759f,0.4285161424455732f,0.8992156196806008f,0.2522321428571432f,0.6840645299311208f,0.6301323280287319f,-0.36740844854630844f,-0.5625f,0f,0f,0f,1f], start_interpolation: 0, interpolation_duration: 1 }
$data merge entity $(bone_body) { transformation: [-1f,1.2246467991473532e-16f,2.719262146893782e-32f,7.654042494670957e-17f,0f,2.220446049250313e-16f,-1f,0.18973214285714318f,-1.2246467991473532e-16f,-1f,-2.220446049250313e-16f,-0.625f,0f,0f,0f,1f], start_interpolation: 0, interpolation_duration: 1 }
$data merge entity $(bone_head) { transformation: [-1f,1.2000616529193144e-16f,-2.441553027366397e-17f,7.654042494670957e-17f,0f,-0.19936793441719697f,-0.9799247046208296f,0.18973214285714318f,-1.2246467991473532e-16f,-0.9799247046208296f,0.19936793441719697f,-0.625f,0f,0f,0f,1f], start_interpolation: 0, interpolation_duration: 1 }
execute on vehicle unless entity @s[tag=aj.transforms_only] positioned ^0 ^0.1897321429 ^-0.1875 rotated ~0 ~-90 run function animated_java:bonlo/animations/initiate/zzz/frames/zzz/18