# This file was generated by Animated Java via MC-Build. It is not recommended to edit this file directly.
$data merge entity $(bone_leftleg) { transformation: [-0.9395819577388537f,-0.33817857446429833f,-0.053113053620725284f,0.18124999999999997f,0.00944104379820147f,0.12949612874810432f,-0.9915349813956413f,0.2120535714285716f,0.342193821369737f,-0.9321298216517641f,-0.11847946743561573f,0.125f,0f,0f,0f,1f], start_interpolation: 0, interpolation_duration: 1 }
$data merge entity $(bone_rightleg) { transformation: [-0.9396926207859084f,0.33682408883346526f,0.05939117461388471f,-0.18125000000000002f,7.594372760115068e-17f,0.17364817766693053f,-0.984807753012208f,0.2120535714285716f,-0.34202014332566877f,-0.9254165783983234f,-0.16317591116653504f,0.125f,0f,0f,0f,1f], start_interpolation: 0, interpolation_duration: 1 }
$data merge entity $(item_display_item_display) { transformation: [-0.0006547282326918482f,-0.00027882840620195815f,-0.0007025565181614119f,0.8676010327993704f,-0.0001769954941302168f,-0.0008470772624282813f,0.0005011314264088917f,-0.15054547356515055f,-0.0007348493290286186f,0.00045245423124542204f,0.0005052540274498606f,-0.9109550317198197f,0f,0f,0f,1f], start_interpolation: 0, interpolation_duration: 1 }
$data merge entity $(bone_leftarm) { transformation: [-0.6547282326918477f,-0.7025565181614114f,0.27882840620195776f,0.31250000000000006f,-0.17699549413021665f,0.5011314264088911f,0.8470772624282806f,0.27455357142857173f,-0.7348493290286179f,0.5052540274498603f,-0.4524542312454215f,-0.5953124999999999f,0f,0f,0f,1f], start_interpolation: 0, interpolation_duration: 1 }
$data merge entity $(bone_rightarm) { transformation: [-0.674324350767295f,0.6980756113633404f,-0.2407843657340827f,-0.31249999999999994f,0.08057864442009803f,0.3936876948126532f,0.9157057829982939f,0.27455357142857173f,0.7340257161882582f,0.5980806298257764f,-0.3217231856760045f,-0.5625f,0f,0f,0f,1f], start_interpolation: 0, interpolation_duration: 1 }
$data merge entity $(bone_body) { transformation: [-1f,1.2246467991473532e-16f,2.719262146893782e-32f,7.654042494670957e-17f,0f,2.220446049250313e-16f,-1f,0.21205357142857176f,-1.2246467991473532e-16f,-1f,-2.220446049250313e-16f,-0.625f,0f,0f,0f,1f], start_interpolation: 0, interpolation_duration: 1 }
$data merge entity $(bone_head) { transformation: [-1f,1.2041399752941237e-16f,-2.2317415298489397e-17f,7.654042494670957e-17f,0f,-0.18223552549214722f,-0.9832549075639546f,0.21205357142857176f,-1.2246467991473532e-16f,-0.9832549075639546f,0.18223552549214722f,-0.625f,0f,0f,0f,1f], start_interpolation: 0, interpolation_duration: 1 }
execute on vehicle unless entity @s[tag=aj.transforms_only] positioned ^0 ^0.2120535714 ^-0.1875 rotated ~0 ~-90 run function animated_java:bonlo/animations/initiate/zzz/frames/zzz/20