# This file was generated by Animated Java via MC-Build. It is not recommended to edit this file directly.
$data merge entity $(bone_leftleg) { transformation: [-0.9395819577388537f,-0.33817857446429833f,-0.053113053620725284f,0.18124999999999997f,0.00944104379820147f,0.12949612874810432f,-0.9915349813956413f,0.22321428571428586f,0.342193821369737f,-0.9321298216517641f,-0.11847946743561573f,0.125f,0f,0f,0f,1f], start_interpolation: 0, interpolation_duration: 1 }
$data merge entity $(bone_rightleg) { transformation: [-0.9396926207859084f,0.33682408883346526f,0.05939117461388471f,-0.18125000000000002f,7.594372760115068e-17f,0.17364817766693053f,-0.984807753012208f,0.22321428571428586f,-0.34202014332566877f,-0.9254165783983234f,-0.16317591116653504f,0.125f,0f,0f,0f,1f], start_interpolation: 0, interpolation_duration: 1 }
$data merge entity $(item_display_item_display) { transformation: [-0.0006305879968545548f,-0.00028032450493112895f,-0.0007237243606222463f,0.8822901182393356f,-0.00016870803534680575f,-0.0008606861533605528f,0.0004803716730021011f,-0.1248721725465922f,-0.0007575594874545383f,0.00042501472603726805f,0.000495445360881586f,-0.902350946125562f,0f,0f,0f,1f], start_interpolation: 0, interpolation_duration: 1 }
$data merge entity $(bone_leftarm) { transformation: [-0.6305879968545542f,-0.7237243606222458f,0.28032450493112854f,0.31250000000000006f,-0.1687080353468056f,0.48037167300210043f,0.8606861533605522f,0.28571428571428603f,-0.7575594874545376f,0.49544536088158564f,-0.4250147260372676f,-0.59375f,0f,0f,0f,1f], start_interpolation: 0, interpolation_duration: 1 }
$data merge entity $(bone_rightarm) { transformation: [-0.6481324711852888f,0.7225951456279139f,-0.240375862578223f,-0.31249999999999994f,0.07674930731625222f,0.37602389243848144f,0.9234259992776305f,0.28571428571428603f,0.7576502119195417f,0.5800536939201304f,-0.29917197152789304f,-0.5625f,0f,0f,0f,1f], start_interpolation: 0, interpolation_duration: 1 }
$data merge entity $(bone_body) { transformation: [-1f,1.2246467991473532e-16f,2.719262146893782e-32f,7.654042494670957e-17f,0f,2.220446049250313e-16f,-1f,0.22321428571428603f,-1.2246467991473532e-16f,-1f,-2.220446049250313e-16f,-0.625f,0f,0f,0f,1f], start_interpolation: 0, interpolation_duration: 1 }
$data merge entity $(bone_head) { transformation: [-1f,1.2060416625018976e-16f,-2.1265768495757685e-17f,7.654042494670957e-17f,0f,-0.1736481776669301f,-0.984807753012208f,0.22321428571428603f,-1.2246467991473532e-16f,-0.984807753012208f,0.1736481776669301f,-0.625f,0f,0f,0f,1f], start_interpolation: 0, interpolation_duration: 1 }
execute on vehicle unless entity @s[tag=aj.transforms_only] positioned ^0 ^0.2232142857 ^-0.1875 rotated ~0 ~-90 run function animated_java:bonlo/animations/initiate/zzz/frames/zzz/21