# This file was generated by Animated Java via MC-Build. It is not recommended to edit this file directly.
$data merge entity $(bone_leftleg) { transformation: [-0.9395819577388537f,-0.33817857446429833f,-0.053113053620725284f,0.18124999999999997f,0.00944104379820147f,0.12949612874810432f,-0.9915349813956413f,0.23437500000000017f,0.342193821369737f,-0.9321298216517641f,-0.11847946743561573f,0.125f,0f,0f,0f,1f], start_interpolation: 0, interpolation_duration: 1 }
$data merge entity $(bone_rightleg) { transformation: [-0.9396926207859084f,0.33682408883346526f,0.05939117461388471f,-0.18125000000000002f,7.594372760115068e-17f,0.17364817766693053f,-0.984807753012208f,0.23437500000000017f,-0.34202014332566877f,-0.9254165783983234f,-0.16317591116653504f,0.125f,0f,0f,0f,1f], start_interpolation: 0, interpolation_duration: 1 }
$data merge entity $(item_display_item_display) { transformation: [-0.000605617123106857f,-0.00028025117332115297f,-0.0007447732406926909f,0.8969398608703651f,-0.00016040863249464313f,-0.0008737241423005068f,0.00045921149134406906f,-0.09885853546580978f,-0.0007794209201843214f,0.0003975743993435223f,0.00048418759398157304f,-0.8926897136916111f,0f,0f,0f,1f], start_interpolation: 0, interpolation_duration: 1 }
$data merge entity $(bone_leftarm) { transformation: [-0.6056171231068564f,-0.7447732406926904f,0.28025117332115257f,0.31250000000000006f,-0.160408632494643f,0.4592114913440684f,0.8737241423005061f,0.29687500000000033f,-0.7794209201843207f,0.48418759398157274f,-0.39757439934352184f,-0.5921875000000001f,0f,0f,0f,1f], start_interpolation: 0, interpolation_duration: 1 }
$data merge entity $(bone_rightarm) { transformation: [-0.6211038582115996f,0.7465158764925739f,-0.2386295108723759f,-0.31249999999999994f,0.0729188377665503f,0.3582034139601269f,0.9307916830989013f,0.29687500000000033f,0.7803286746066946f,0.5607177189743819f,-0.27691659252331763f,-0.5625f,0f,0f,0f,1f], start_interpolation: 0, interpolation_duration: 1 }
$data merge entity $(bone_body) { transformation: [-1f,1.2246467991473532e-16f,2.719262146893782e-32f,7.654042494670957e-17f,0f,2.220446049250313e-16f,-1f,0.23437500000000033f,-1.2246467991473532e-16f,-1f,-2.220446049250313e-16f,-0.625f,0f,0f,0f,1f], start_interpolation: 0, interpolation_duration: 1 }
$data merge entity $(bone_head) { transformation: [-1f,1.2078515049676923e-16f,-2.0212502222421253e-17f,7.654042494670957e-17f,0f,-0.16504760586067743f,-0.9862856015372314f,0.23437500000000033f,-1.2246467991473532e-16f,-0.9862856015372314f,0.16504760586067743f,-0.625f,0f,0f,0f,1f], start_interpolation: 0, interpolation_duration: 1 }
execute on vehicle unless entity @s[tag=aj.transforms_only] positioned ^0 ^0.234375 ^-0.1875 rotated ~0 ~-90 run function animated_java:bonlo/animations/initiate/zzz/frames/zzz/22