# This file was generated by Animated Java via MC-Build. It is not recommended to edit this file directly.
$data merge entity $(bone_leftleg) { transformation: [-0.9395819577388537f,-0.33817857446429833f,-0.053113053620725284f,0.18124999999999997f,0.00944104379820147f,0.12949612874810432f,-0.9915349813956413f,0.2455357142857145f,0.342193821369737f,-0.9321298216517641f,-0.11847946743561573f,0.125f,0f,0f,0f,1f], start_interpolation: 0, interpolation_duration: 1 }
$data merge entity $(bone_rightleg) { transformation: [-0.9396926207859084f,0.33682408883346526f,0.05939117461388471f,-0.18125000000000002f,7.594372760115068e-17f,0.17364817766693053f,-0.984807753012208f,0.2455357142857145f,-0.34202014332566877f,-0.9254165783983234f,-0.16317591116653504f,0.125f,0f,0f,0f,1f], start_interpolation: 0, interpolation_duration: 1 }
$data merge entity $(item_display_item_display) { transformation: [-0.0005798472960877645f,-0.00027860018241333866f,-0.0007656102478278126f,0.9114817129728098f,-0.00015209787314881436f,-0.0008861788391723689f,0.0004376680271469713f,-0.07251682849750271f,-0.0008004019928781519f,0.00037022831248078426f,0.0004714739085403513f,-0.8819619736325727f,0f,0f,0f,1f], start_interpolation: 0, interpolation_duration: 1 }
$data merge entity $(bone_leftarm) { transformation: [-0.579847296087764f,-0.7656102478278121f,0.2786001824133382f,0.31250000000000006f,-0.15209787314881423f,0.4376680271469707f,0.8861788391723683f,0.30803571428571463f,-0.8004019928781513f,0.471473908540351f,-0.3702283124807838f,-0.590625f,0f,0f,0f,1f], start_interpolation: 0, interpolation_duration: 1 }
$data merge entity $(bone_rightarm) { transformation: [-0.5932730893444721f,0.7697639705097349f,-0.23556415509315937f,-0.31249999999999994f,0.0690872922900609f,0.34023363402854434f,0.9377995629769503f,0.30803571428571463f,0.8020311636736405f,0.540096754277249f,-0.2550323675839749f,-0.5625f,0f,0f,0f,1f], start_interpolation: 0, interpolation_duration: 1 }
$data merge entity $(bone_body) { transformation: [-1f,1.2246467991473532e-16f,2.719262146893782e-32f,7.654042494670957e-17f,0f,2.220446049250313e-16f,-1f,0.24553571428571466f,-1.2246467991473532e-16f,-1f,-2.220446049250313e-16f,-0.625f,0f,0f,0f,1f], start_interpolation: 0, interpolation_duration: 1 }
$data merge entity $(bone_head) { transformation: [-1f,1.2095693648649962e-16f,-1.9157696688784698e-17f,7.654042494670957e-17f,0f,-0.15643446504023065f,-0.9876883405951378f,0.24553571428571466f,-1.2246467991473532e-16f,-0.9876883405951378f,0.15643446504023065f,-0.625f,0f,0f,0f,1f], start_interpolation: 0, interpolation_duration: 1 }
execute on vehicle unless entity @s[tag=aj.transforms_only] positioned ^0 ^0.2455357143 ^-0.1875 rotated ~0 ~-90 run function animated_java:bonlo/animations/initiate/zzz/frames/zzz/23