# This file was generated by Animated Java via MC-Build. It is not recommended to edit this file directly.
$data merge entity $(bone_leftleg) { transformation: [-0.9395819577388537f,-0.33817857446429833f,-0.053113053620725284f,0.18124999999999997f,0.00944104379820147f,0.12949612874810432f,-0.9915349813956413f,0.2566964285714287f,0.342193821369737f,-0.9321298216517641f,-0.11847946743561573f,0.125f,0f,0f,0f,1f], start_interpolation: 0, interpolation_duration: 1 }
$data merge entity $(bone_rightleg) { transformation: [-0.9396926207859084f,0.33682408883346526f,0.05939117461388471f,-0.18125000000000002f,7.594372760115068e-17f,0.17364817766693053f,-0.984807753012208f,0.2566964285714287f,-0.34202014332566877f,-0.9254165783983234f,-0.16317591116653504f,0.125f,0f,0f,0f,1f], start_interpolation: 0, interpolation_duration: 1 }
$data merge entity $(item_display_item_display) { transformation: [-0.0005533114397410061f,-0.0002753691967724653f,-0.0007861413715869583f,0.9258459895222079f,-0.0001437763456884135f,-0.0008980383987491479f,0.0004157588204627223f,-0.04585965250824486f,-0.0008204723109722978f,0.00034307264513650106f,0.00045730334252749963f,-0.8701626908639952f,0f,0f,0f,1f], start_interpolation: 0, interpolation_duration: 1 }
$data merge entity $(bone_leftarm) { transformation: [-0.5533114397410056f,-0.7861413715869577f,0.2753691967724649f,0.31250000000000006f,-0.14377634568841338f,0.4157588204627217f,0.8980383987491473f,0.3191964285714289f,-0.820472310972297f,0.45730334252749927f,-0.34307264513650065f,-0.5890625f,0f,0f,0f,1f], start_interpolation: 0, interpolation_duration: 1 }
$data merge entity $(bone_rightarm) { transformation: [-0.5646758235532132f,0.7922666510490904f,-0.23120287180301022f,-0.31249999999999994f,0.06525472742172826f,0.3221219971418502f,0.9444465254880561f,0.3191964285714289f,0.8227290166534885f,0.5182190392033126f,-0.23359364838021393f,-0.5625f,0f,0f,0f,1f], start_interpolation: 0, interpolation_duration: 1 }
$data merge entity $(bone_body) { transformation: [-1f,1.2246467991473532e-16f,2.719262146893782e-32f,7.654042494670957e-17f,0f,2.220446049250313e-16f,-1f,0.2566964285714289f,-1.2246467991473532e-16f,-1f,-2.220446049250313e-16f,-0.625f,0f,0f,0f,1f], start_interpolation: 0, interpolation_duration: 1 }
$data merge entity $(bone_head) { transformation: [-1f,1.2111951113721276e-16f,-1.8101432222373256e-17f,7.654042494670957e-17f,0f,-0.1478094111296104f,-0.9890158633619168f,0.2566964285714289f,-1.2246467991473532e-16f,-0.9890158633619168f,0.1478094111296104f,-0.625f,0f,0f,0f,1f], start_interpolation: 0, interpolation_duration: 1 }
execute on vehicle unless entity @s[tag=aj.transforms_only] positioned ^0 ^0.2566964286 ^-0.1875 rotated ~0 ~-90 run function animated_java:bonlo/animations/initiate/zzz/frames/zzz/24