# This file was generated by Animated Java via MC-Build. It is not recommended to edit this file directly.
$data merge entity $(bone_leftleg) { transformation: [-0.9395819577388537f,-0.33817857446429833f,-0.053113053620725284f,0.18124999999999997f,0.00944104379820147f,0.12949612874810432f,-0.9915349813956413f,0.267857142857143f,0.342193821369737f,-0.9321298216517641f,-0.11847946743561573f,0.125f,0f,0f,0f,1f], start_interpolation: 0, interpolation_duration: 1 }
$data merge entity $(bone_rightleg) { transformation: [-0.9396926207859084f,0.33682408883346526f,0.05939117461388471f,-0.18125000000000002f,7.594372760115068e-17f,0.17364817766693053f,-0.984807753012208f,0.267857142857143f,-0.34202014332566877f,-0.9254165783983234f,-0.16317591116653504f,0.125f,0f,0f,0f,1f], start_interpolation: 0, interpolation_duration: 1 }
$data merge entity $(item_display_item_display) { transformation: [-0.0005260436671571708f,-0.000270561881026037f,-0.0008062718702642985f,0.9399621397899905f,-0.00013544463925488768f,-0.0009092915333885831f,0.0003935017878040119f,-0.018899930222114402f,-0.0008396027691360662f,0.0003162043260986365f,0.00044168089636700125f,-0.8572912573347696f,0f,0f,0f,1f], start_interpolation: 0, interpolation_duration: 1 }
$data merge entity $(bone_leftarm) { transformation: [-0.5260436671571703f,-0.8062718702642978f,0.2705618810260366f,0.31250000000000006f,-0.13544463925488756f,0.39350178780401135f,0.9092915333885824f,0.3303571428571432f,-0.8396027691360655f,0.4416808963670009f,-0.3162043260986361f,-0.5874999999999999f,0f,0f,0f,1f], start_interpolation: 0, interpolation_duration: 1 }
$data merge entity $(bone_rightarm) { transformation: [-0.5353487535396387f,0.8139524360687652f,-0.22557292368827841f,-0.31249999999999994f,0.06142119971153754f,0.3038760141766397f,0.9507296167860315f,0.3303571428571432f,0.8423948885822793f,0.49511695570424735f,-0.21267358055152977f,-0.5625f,0f,0f,0f,1f], start_interpolation: 0, interpolation_duration: 1 }
$data merge entity $(bone_body) { transformation: [-1f,1.2246467991473532e-16f,2.719262146893782e-32f,7.654042494670957e-17f,0f,2.220446049250313e-16f,-1f,0.2678571428571432f,-1.2246467991473532e-16f,-1f,-2.220446049250313e-16f,-0.625f,0f,0f,0f,1f], start_interpolation: 0, interpolation_duration: 1 }
$data merge entity $(bone_head) { transformation: [-1f,1.2127286206821952e-16f,-1.704378926181553e-17f,7.654042494670957e-17f,0f,-0.13917310096006522f,-0.9902680687415704f,0.2678571428571432f,-1.2246467991473532e-16f,-0.9902680687415704f,0.13917310096006522f,-0.625f,0f,0f,0f,1f], start_interpolation: 0, interpolation_duration: 1 }
execute on vehicle unless entity @s[tag=aj.transforms_only] positioned ^0 ^0.2678571429 ^-0.1875 rotated ~0 ~-90 run function animated_java:bonlo/animations/initiate/zzz/frames/zzz/25