# This file was generated by Animated Java via MC-Build. It is not recommended to edit this file directly.
$data merge entity $(bone_leftleg) { transformation: [-0.9395819577388537f,-0.33817857446429833f,-0.053113053620725284f,0.18124999999999997f,0.00944104379820147f,0.12949612874810432f,-0.9915349813956413f,0.2790178571428573f,0.342193821369737f,-0.9321298216517641f,-0.11847946743561573f,0.125f,0f,0f,0f,1f], start_interpolation: 0, interpolation_duration: 1 }
$data merge entity $(bone_rightleg) { transformation: [-0.9396926207859084f,0.33682408883346526f,0.05939117461388471f,-0.18125000000000002f,7.594372760115068e-17f,0.17364817766693053f,-0.984807753012208f,0.2790178571428573f,-0.34202014332566877f,-0.9254165783983234f,-0.16317591116653504f,0.125f,0f,0f,0f,1f], start_interpolation: 0, interpolation_duration: 1 }
$data merge entity $(item_display_item_display) { transformation: [-0.0004980792284193835f,-0.0002641879830996048f,-0.0008259066483585878f,0.9537590270282879f,-0.0001271033437103278f,-0.0009199275251723836f,0.00037091520385105435f,0.008349106966860979f,-0.0008577655986543221f,0.00028972065514211773f,0.00042461761591956607f,-0.843351576267981f,0f,0f,0f,1f], start_interpolation: 0, interpolation_duration: 1 }
$data merge entity $(bone_leftarm) { transformation: [-0.498079228419383f,-0.8259066483585872f,0.2641879830996044f,0.31250000000000006f,-0.1271033437103277f,0.3709152038510538f,0.919927525172383f,0.3415178571428575f,-0.8577655986543213f,0.42461761591956576f,-0.28972065514211737f,-0.5859375f,0f,0f,0f,1f], start_interpolation: 0, interpolation_duration: 1 }
$data merge entity $(bone_rightarm) { transformation: [-0.5053295565539434f,0.8347513737797237f,-0.2187057000762878f,-0.31249999999999994f,0.05758676572368099f,0.2855032588860076f,0.9566460440408231f,0.3415178571428575f,0.8610027895927405f,0.470826967301507f,-0.19234386700694578f,-0.5625f,0f,0f,0f,1f], start_interpolation: 0, interpolation_duration: 1 }
$data merge entity $(bone_body) { transformation: [-1f,1.2246467991473532e-16f,2.719262146893782e-32f,7.654042494670957e-17f,0f,2.220446049250313e-16f,-1f,0.2790178571428575f,-1.2246467991473532e-16f,-1f,-2.220446049250313e-16f,-0.625f,0f,0f,0f,1f], start_interpolation: 0, interpolation_duration: 1 }
$data merge entity $(bone_head) { transformation: [-1f,1.2141697760125282e-16f,-1.5984848350717805e-17f,7.654042494670957e-17f,0f,-0.13052619222005135f,-0.9914448613738104f,0.2790178571428575f,-1.2246467991473532e-16f,-0.9914448613738104f,0.13052619222005135f,-0.625f,0f,0f,0f,1f], start_interpolation: 0, interpolation_duration: 1 }
execute on vehicle unless entity @s[tag=aj.transforms_only] positioned ^0 ^0.2790178571 ^-0.1875 rotated ~0 ~-90 run function animated_java:bonlo/animations/initiate/zzz/frames/zzz/26