# This file was generated by Animated Java via MC-Build. It is not recommended to edit this file directly.
$data merge entity $(bone_leftleg) { transformation: [-0.9395819577388537f,-0.33817857446429833f,-0.053113053620725284f,0.18124999999999997f,0.00944104379820147f,0.12949612874810432f,-0.9915349813956413f,0.3013392857142859f,0.342193821369737f,-0.9321298216517641f,-0.11847946743561573f,0.125f,0f,0f,0f,1f], start_interpolation: 0, interpolation_duration: 1 }
$data merge entity $(bone_rightleg) { transformation: [-0.9396926207859084f,0.33682408883346526f,0.05939117461388471f,-0.18125000000000002f,7.594372760115068e-17f,0.17364817766693053f,-0.984807753012208f,0.3013392857142859f,-0.34202014332566877f,-0.9254165783983234f,-0.16317591116653504f,0.125f,0f,0f,0f,1f], start_interpolation: 0, interpolation_duration: 1 }
$data merge entity $(item_display_item_display) { transformation: [-0.00044020671157506103f,-0.0002468101798059591f,-0.0008633092066162753f,0.9801092613331343f,-0.00011039434808907482f,-0.0009393081256707075f,0.00032482815912259177f,0.06366073860890152f,-0.0008910842491000842f,0.0002382959928180367f,0.0003862432922558097f,-0.8123060217820476f,0f,0f,0f,1f], start_interpolation: 0, interpolation_duration: 1 }
$data merge entity $(bone_leftarm) { transformation: [-0.44020671157506064f,-0.8633092066162746f,0.24681017980595865f,0.31250000000000006f,-0.11039434808907472f,0.3248281591225913f,0.9393081256707068f,0.3638392857142861f,-0.8910842491000834f,0.3862432922558094f,-0.2382959928180364f,-0.5828125f,0f,0f,0f,1f], start_interpolation: 0, interpolation_duration: 1 }
$data merge entity $(bone_rightarm) { transformation: [-0.4433701087344608f,0.8734179444881f,-0.20140516608809977f,-0.31249999999999994f,0.0499154052377656f,0.2484080194924466f,0.967368548264719f,0.3638392857142861f,0.8949477074113003f,0.418849077948159f,-0.15373370125393784f,-0.5625f,0f,0f,0f,1f], start_interpolation: 0, interpolation_duration: 1 }
$data merge entity $(bone_body) { transformation: [-1f,1.2246467991473532e-16f,2.719262146893782e-32f,7.654042494670957e-17f,0f,2.220446049250313e-16f,-1f,0.3013392857142861f,-1.2246467991473532e-16f,-1f,-2.220446049250313e-16f,-0.625f,0f,0f,0f,1f], start_interpolation: 0, interpolation_duration: 1 }
$data merge entity $(bone_head) { transformation: [-1f,1.2167745927772288e-16f,-1.3863395339406026e-17f,7.654042494670957e-17f,0f,-0.11320321376790649f,-0.9935718556765875f,0.3013392857142861f,-1.2246467991473532e-16f,-0.9935718556765875f,0.11320321376790649f,-0.625f,0f,0f,0f,1f], start_interpolation: 0, interpolation_duration: 1 }
execute on vehicle unless entity @s[tag=aj.transforms_only] positioned ^0 ^0.3013392857 ^-0.1875 rotated ~0 ~-90 run function animated_java:bonlo/animations/initiate/zzz/frames/zzz/28