# This file was generated by Animated Java via MC-Build. It is not recommended to edit this file directly.
$data merge entity $(bone_leftleg) { transformation: [-0.9395819577388537f,-0.33817857446429833f,-0.053113053620725284f,0.18124999999999997f,0.00944104379820147f,0.12949612874810432f,-0.9915349813956413f,0.31250000000000017f,0.342193821369737f,-0.9321298216517641f,-0.11847946743561573f,0.125f,0f,0f,0f,1f], start_interpolation: 0, interpolation_duration: 1 }
$data merge entity $(bone_rightleg) { transformation: [-0.9396926207859084f,0.33682408883346526f,0.05939117461388471f,-0.18125000000000002f,7.594372760115068e-17f,0.17364817766693053f,-0.984807753012208f,0.31250000000000017f,-0.34202014332566877f,-0.9254165783983234f,-0.16317591116653504f,0.125f,0f,0f,0f,1f], start_interpolation: 0, interpolation_duration: 1 }
$data merge entity $(item_display_item_display) { transformation: [-0.00041037432302062763f,-0.00023585659662855933f,-0.0008808885178228606f,0.9925200132205562f,-0.00010202783096369783f,-0.0009480342478020319f,0.00030136586851081855f,0.09169545026458263f,-0.0009061916114786134f,0.00021354795906594354f,0.0003649849756696366f,-0.7952310183608043f,0f,0f,0f,1f], start_interpolation: 0, interpolation_duration: 1 }
$data merge entity $(bone_leftarm) { transformation: [-0.41037432302062726f,-0.8808885178228598f,0.23585659662855893f,0.31250000000000006f,-0.10202783096369773f,0.30136586851081804f,0.9480342478020312f,0.37500000000000033f,-0.9061916114786126f,0.36498497566963634f,-0.21354795906594326f,-0.58125f,0f,0f,0f,1f], start_interpolation: 0, interpolation_duration: 1 }
$data merge entity $(bone_rightarm) { transformation: [-0.4115096736301195f,0.891155401338623f,-0.19105454502269942f,-0.31249999999999994f,0.04607859193161295f,0.22970096532941678f,0.9721698565026253f,0.37500000000000033f,0.9102398320631947f,0.39125377594565486f,-0.13558735536116687f,-0.5625f,0f,0f,0f,1f], start_interpolation: 0, interpolation_duration: 1 }
$data merge entity $(bone_body) { transformation: [-1f,1.2246467991473532e-16f,2.719262146893782e-32f,7.654042494670957e-17f,0f,2.220446049250313e-16f,-1f,0.31250000000000033f,-1.2246467991473532e-16f,-1f,-2.220446049250313e-16f,-0.625f,0f,0f,0f,1f], start_interpolation: 0, interpolation_duration: 1 }
$data merge entity $(bone_head) { transformation: [-1f,1.217938055844715e-16f,-1.2801044796052321e-17f,7.654042494670957e-17f,0f,-0.10452846326765323f,-0.9945218953682733f,0.31250000000000033f,-1.2246467991473532e-16f,-0.9945218953682733f,0.10452846326765323f,-0.625f,0f,0f,0f,1f], start_interpolation: 0, interpolation_duration: 1 }
execute on vehicle unless entity @s[tag=aj.transforms_only] positioned ^0 ^0.3125 ^-0.1875 rotated ~0 ~-90 run function animated_java:bonlo/animations/initiate/zzz/frames/zzz/29