# This file was generated by Animated Java via MC-Build. It is not recommended to edit this file directly.
$data merge entity $(bone_leftleg) { transformation: [-0.9395819577388537f,-0.33817857446429833f,-0.053113053620725284f,0.18124999999999997f,0.00944104379820147f,0.12949612874810432f,-0.9915349813956413f,0.3236607142857144f,0.342193821369737f,-0.9321298216517641f,-0.11847946743561573f,0.125f,0f,0f,0f,1f], start_interpolation: 0, interpolation_duration: 1 }
$data merge entity $(bone_rightleg) { transformation: [-0.9396926207859084f,0.33682408883346526f,0.05939117461388471f,-0.18125000000000002f,7.594372760115068e-17f,0.17364817766693053f,-0.984807753012208f,0.3236607142857144f,-0.34202014332566877f,-0.9254165783983234f,-0.16317591116653504f,0.125f,0f,0f,0f,1f], start_interpolation: 0, interpolation_duration: 1 }
$data merge entity $(item_display_item_display) { transformation: [-0.00037999653056963967f,-0.00022343706939634785f,-0.0008975959629892564f,1.0043269097865781f,-0.00009365409054616941f,-0.0009561062738061022f,0.000277650327773232f,0.11996373983896624f,-0.0009202345071116431f,0.0001895696948570232f,0.0003423912713735686f,-0.7771495474687519f,0f,0f,0f,1f], start_interpolation: 0, interpolation_duration: 1 }
$data merge entity $(bone_leftarm) { transformation: [-0.37999653056963933f,-0.8975959629892556f,0.22343706939634747f,0.31250000000000006f,-0.09365409054616933f,0.27765032777323156f,0.9561062738061015f,0.3861607142857146f,-0.9202345071116422f,0.34239127137356834f,-0.18956969485702296f,-0.5796874999999999f,0f,0f,0f,1f], start_interpolation: 0, interpolation_duration: 1 }
$data merge entity $(bone_rightarm) { transformation: [-0.37911663564734355f,0.9077461029564017f,-0.1796318155085706f,-0.31249999999999994f,0.042241098729936574f,0.21089799151200175f,0.9765949655585426f,0.3861607142857146f,0.9243842632550204f,0.36265555247875264f,-0.11829912976350868f,-0.5625f,0f,0f,0f,1f], start_interpolation: 0, interpolation_duration: 1 }
$data merge entity $(bone_body) { transformation: [-1f,1.2246467991473532e-16f,2.719262146893782e-32f,7.654042494670957e-17f,0f,2.220446049250313e-16f,-1f,0.3236607142857146f,-1.2246467991473532e-16f,-1f,-2.220446049250313e-16f,-0.625f,0f,0f,0f,1f], start_interpolation: 0, interpolation_duration: 1 }
$data merge entity $(bone_head) { transformation: [-1f,1.2190087682138094e-16f,-1.1737719403576138e-17f,7.654042494670957e-17f,0f,-0.09584575252022376f,-0.9953961983671789f,0.3236607142857146f,-1.2246467991473532e-16f,-0.9953961983671789f,0.09584575252022376f,-0.625f,0f,0f,0f,1f], start_interpolation: 0, interpolation_duration: 1 }
execute on vehicle unless entity @s[tag=aj.transforms_only] positioned ^0 ^0.3236607143 ^-0.1875 rotated ~0 ~-90 run function animated_java:bonlo/animations/initiate/zzz/frames/zzz/30