# This file was generated by Animated Java via MC-Build. It is not recommended to edit this file directly.
$data merge entity $(bone_leftleg) { transformation: [-0.9395819577388537f,-0.33817857446429833f,-0.053113053620725284f,0.18124999999999997f,0.00944104379820147f,0.12949612874810432f,-0.9915349813956413f,0.3348214285714287f,0.342193821369737f,-0.9321298216517641f,-0.11847946743561573f,0.125f,0f,0f,0f,1f], start_interpolation: 0, interpolation_duration: 1 }
$data merge entity $(bone_rightleg) { transformation: [-0.9396926207859084f,0.33682408883346526f,0.05939117461388471f,-0.18125000000000002f,7.594372760115068e-17f,0.17364817766693053f,-0.984807753012208f,0.3348214285714287f,-0.34202014332566877f,-0.9254165783983234f,-0.16317591116653504f,0.125f,0f,0f,0f,1f], start_interpolation: 0, interpolation_duration: 1 }
$data merge entity $(item_display_item_display) { transformation: [-0.0003491134233463654f,-0.00020959215293594736f,-0.0009133405427698137f,1.0154602843667186f,-0.00008527371967447177f,-0.0009635164946801892f,0.0002537013149593096f,0.1484510417291329f,-0.0009331924830238737f,0.00016645447998440188f,0.0003185038394130619f,-0.7580886953833416f,0f,0f,0f,1f], start_interpolation: 0, interpolation_duration: 1 }
$data merge entity $(bone_leftarm) { transformation: [-0.3491134233463651f,-0.9133405427698129f,0.209592152935947f,0.31250000000000006f,-0.0852737196744717f,0.25370131495930914f,0.9635164946801884f,0.3973214285714289f,-0.9331924830238729f,0.31850383941306165f,-0.16645447998440166f,-0.578125f,0f,0f,0f,1f], start_interpolation: 0, interpolation_duration: 1 }
$data merge entity $(bone_rightarm) { transformation: [-0.34623281131959305f,0.9231311566055794f,-0.16718764329272762f,-0.31249999999999994f,0.03840298225544017f,0.19200693260433985f,0.9806419065009209f,0.3973214285714289f,0.9373622839220807f,0.33310990008691993f,-0.10193008949502026f,-0.5625f,0f,0f,0f,1f], start_interpolation: 0, interpolation_duration: 1 }
$data merge entity $(bone_body) { transformation: [-1f,1.2246467991473532e-16f,2.719262146893782e-32f,7.654042494670957e-17f,0f,2.220446049250313e-16f,-1f,0.3348214285714289f,-1.2246467991473532e-16f,-1f,-2.220446049250313e-16f,-0.625f,0f,0f,0f,1f], start_interpolation: 0, interpolation_duration: 1 }
$data merge entity $(bone_head) { transformation: [-1f,1.2199866483456202e-16f,-1.0673500138322946e-17f,7.654042494670957e-17f,0f,-0.08715574274765796f,-0.9961946980917455f,0.3348214285714289f,-1.2246467991473532e-16f,-0.9961946980917455f,0.08715574274765796f,-0.625f,0f,0f,0f,1f], start_interpolation: 0, interpolation_duration: 1 }
execute on vehicle unless entity @s[tag=aj.transforms_only] positioned ^0 ^0.3348214286 ^-0.1875 rotated ~0 ~-90 run function animated_java:bonlo/animations/initiate/zzz/frames/zzz/31