# This file was generated by Animated Java via MC-Build. It is not recommended to edit this file directly.
$data merge entity $(bone_leftleg) { transformation: [-0.9395819577388537f,-0.33817857446429833f,-0.053113053620725284f,0.18124999999999997f,0.00944104379820147f,0.12949612874810432f,-0.9915349813956413f,0.34598214285714307f,0.342193821369737f,-0.9321298216517641f,-0.11847946743561573f,0.125f,0f,0f,0f,1f], start_interpolation: 0, interpolation_duration: 1 }
$data merge entity $(bone_rightleg) { transformation: [-0.9396926207859084f,0.33682408883346526f,0.05939117461388471f,-0.18125000000000002f,7.594372760115068e-17f,0.17364817766693053f,-0.984807753012208f,0.34598214285714307f,-0.34202014332566877f,-0.9254165783983234f,-0.16317591116653504f,0.125f,0f,0f,0f,1f], start_interpolation: 0, interpolation_duration: 1 }
$data merge entity $(item_display_item_display) { transformation: [-0.00031776587770967796f,-0.0001943684639166838f,-0.0009280332683681487f,1.0258516687570893f,-0.00007688731165600521f,-0.0009702578307412577f,0.00022953884898112913f,0.17714256736835438f,-0.0009450466593082648f,0.00014429359694712046f,0.0002933703625289221f,-0.7380801770330181f,0f,0f,0f,1f], start_interpolation: 0, interpolation_duration: 1 }
$data merge entity $(bone_leftarm) { transformation: [-0.3177658777096777f,-0.9280332683681478f,0.1943684639166834f,0.31250000000000006f,-0.07688731165600514f,0.2295388489811287f,0.9702578307412568f,0.40848214285714324f,-0.945046659308264f,0.29337036252892185f,-0.14429359694712027f,-0.5765625000000001f,0f,0f,0f,1f], start_interpolation: 0, interpolation_duration: 1 }
$data merge entity $(bone_rightarm) { transformation: [-0.3129006802321761f,0.9372545269682359f,-0.1537761879739191f,-0.31249999999999994f,0.03456429914002363f,0.17303566443523294f,0.9843088783803673f,0.40848214285714324f,0.9491567170574101f,0.30267575144204434f,-0.08653852294668236f,-0.5625f,0f,0f,0f,1f], start_interpolation: 0, interpolation_duration: 1 }
$data merge entity $(bone_body) { transformation: [-1f,1.2246467991473532e-16f,2.719262146893782e-32f,7.654042494670957e-17f,0f,2.220446049250313e-16f,-1f,0.34598214285714324f,-1.2246467991473532e-16f,-1f,-2.220446049250313e-16f,-0.625f,0f,0f,0f,1f], start_interpolation: 0, interpolation_duration: 1 }
$data merge entity $(bone_head) { transformation: [-1f,1.220871621770789e-16f,-9.608468044710081e-18f,7.654042494670957e-17f,0f,-0.07845909572784472f,-0.996917333733128f,0.34598214285714324f,-1.2246467991473532e-16f,-0.996917333733128f,0.07845909572784472f,-0.625f,0f,0f,0f,1f], start_interpolation: 0, interpolation_duration: 1 }
execute on vehicle unless entity @s[tag=aj.transforms_only] positioned ^0 ^0.3459821429 ^-0.1875 rotated ~0 ~-90 run function animated_java:bonlo/animations/initiate/zzz/frames/zzz/32