# This file was generated by Animated Java via MC-Build. It is not recommended to edit this file directly.
$data merge entity $(bone_leftleg) { transformation: [-0.9395819577388537f,-0.33817857446429833f,-0.053113053620725284f,0.18124999999999997f,0.00944104379820147f,0.12949612874810432f,-0.9915349813956413f,0.36830357142857156f,0.342193821369737f,-0.9321298216517641f,-0.11847946743561573f,0.125f,0f,0f,0f,1f], start_interpolation: 0, interpolation_duration: 1 }
$data merge entity $(bone_rightleg) { transformation: [-0.9396926207859084f,0.33682408883346526f,0.05939117461388471f,-0.18125000000000002f,7.594372760115068e-17f,0.17364817766693053f,-0.984807753012208f,0.36830357142857156f,-0.34202014332566877f,-0.9254165783983234f,-0.16317591116653504f,0.125f,0f,0f,0f,1f], start_interpolation: 0, interpolation_duration: 1 }
$data merge entity $(item_display_item_display) { transformation: [-0.0002538445304678932f,-0.0001600009570874301f,-0.0009539196234917504f,1.0441424079333137f,-0.000060098759503399144f,-0.0009817087213418397f,0.00018065471360450015f,0.23507811244334195f,-0.0009653761409200504f,0.00010318759698954977f,0.00023958553038494379f,-0.6953698341799198f,0f,0f,0f,1f], start_interpolation: 0, interpolation_duration: 1 }
$data merge entity $(bone_leftarm) { transformation: [-0.253844530467893f,-0.9539196234917496f,0.16000095708742973f,0.31250000000000006f,-0.06009875950339909f,0.18065471360449978f,0.981708721341839f,0.43080357142857173f,-0.9653761409200495f,0.2395855303849436f,-0.10318759698954962f,-0.5734375f,0f,0f,0f,1f], start_interpolation: 0, interpolation_duration: 1 }
$data merge entity $(bone_rightarm) { transformation: [-0.24506438683119547f,0.9615075544834101f,-0.12428462889023038f,-0.31249999999999994f,0.026885459554998756f,0.1348841878216966f,0.9904965562485297f,0.43080357142857173f,0.9691339527493433f,0.23939398185211994f,-0.05890588324963733f,-0.5625f,0f,0f,0f,1f], start_interpolation: 0, interpolation_duration: 1 }
$data merge entity $(bone_body) { transformation: [-1f,1.2246467991473532e-16f,2.719262146893782e-32f,7.654042494670957e-17f,0f,2.220446049250313e-16f,-1f,0.36830357142857173f,-1.2246467991473532e-16f,-1f,-2.220446049250313e-16f,-0.625f,0f,0f,0f,1f], start_interpolation: 0, interpolation_duration: 1 }
$data merge entity $(bone_head) { transformation: [-1f,1.2223625860049279e-16f,-7.476289853398281e-18f,7.654042494670957e-17f,0f,-0.06104853953485664f,-0.9981347984218669f,0.36830357142857173f,-1.2246467991473532e-16f,-0.9981347984218669f,0.06104853953485664f,-0.625f,0f,0f,0f,1f], start_interpolation: 0, interpolation_duration: 1 }
execute on vehicle unless entity @s[tag=aj.transforms_only] positioned ^0 ^0.3683035714 ^-0.1875 rotated ~0 ~-90 run function animated_java:bonlo/animations/initiate/zzz/frames/zzz/34