# This file was generated by Animated Java via MC-Build. It is not recommended to edit this file directly.
$data merge entity $(bone_leftleg) { transformation: [-0.9395819577388537f,-0.33817857446429833f,-0.053113053620725284f,0.18124999999999997f,0.00944104379820147f,0.12949612874810432f,-0.9915349813956413f,0.37946428571428586f,0.342193821369737f,-0.9321298216517641f,-0.11847946743561573f,0.125f,0f,0f,0f,1f], start_interpolation: 0, interpolation_duration: 1 }
$data merge entity $(bone_rightleg) { transformation: [-0.9396926207859084f,0.33682408883346526f,0.05939117461388471f,-0.18125000000000002f,7.594372760115068e-17f,0.17364817766693053f,-0.984807753012208f,0.37946428571428586f,-0.34202014332566877f,-0.9254165783983234f,-0.16317591116653504f,0.125f,0f,0f,0f,1f], start_interpolation: 0, interpolation_duration: 1 }
$data merge entity $(item_display_item_display) { transformation: [-0.00022135584009772498f,-0.00014097971065455393f,-0.0009649488656081164f,1.0519135441157756f,-0.00005169780395296123f,-0.0009864073282849224f,0.00015597409968403324f,0.2642915781597574f,-0.0009738218158991272f,0.00008441151514788613f,0.00021105868138829694f,-0.6727540477175075f,0f,0f,0f,1f], start_interpolation: 0, interpolation_duration: 1 }
$data merge entity $(bone_leftarm) { transformation: [-0.2213558400977248f,-0.9649488656081155f,0.14097971065455359f,0.31250000000000006f,-0.05169780395296118f,0.1559740996840329f,0.9864073282849215f,0.44196428571428603f,-0.9738218158991263f,0.21105868138829678f,-0.08441151514788602f,-0.5718749999999999f,0f,0f,0f,1f], start_interpolation: 0, interpolation_duration: 1 }
$data merge entity $(bone_rightarm) { transformation: [-0.21064797923787582f,0.971541185644084f,-0.10832891322397117f,-0.31249999999999994f,0.023045416387651643f,0.11571990409973591f,0.9930145077382642f,0.44196428571428603f,0.9772903036593165f,0.2066800144968909f,-0.046765735117130815f,-0.5625f,0f,0f,0f,1f], start_interpolation: 0, interpolation_duration: 1 }
$data merge entity $(bone_body) { transformation: [-1f,1.2246467991473532e-16f,2.719262146893782e-32f,7.654042494670957e-17f,0f,2.220446049250313e-16f,-1f,0.37946428571428603f,-1.2246467991473532e-16f,-1f,-2.220446049250313e-16f,-0.625f,0f,0f,0f,1f], start_interpolation: 0, interpolation_duration: 1 }
$data merge entity $(bone_head) { transformation: [-1f,1.2229684632711994e-16f,-6.4093061293236824e-18f,7.654042494670957e-17f,0f,-0.052335956242943606f,-0.9986295347545738f,0.37946428571428603f,-1.2246467991473532e-16f,-0.9986295347545738f,0.052335956242943606f,-0.625f,0f,0f,0f,1f], start_interpolation: 0, interpolation_duration: 1 }
execute on vehicle unless entity @s[tag=aj.transforms_only] positioned ^0 ^0.3794642857 ^-0.1875 rotated ~0 ~-90 run function animated_java:bonlo/animations/initiate/zzz/frames/zzz/35