# This file was generated by Animated Java via MC-Build. It is not recommended to edit this file directly.
$data merge entity $(bone_leftleg) { transformation: [-0.9395819577388537f,-0.33817857446429833f,-0.053113053620725284f,0.18124999999999997f,0.00944104379820147f,0.12949612874810432f,-0.9915349813956413f,0.39062500000000017f,0.342193821369737f,-0.9321298216517641f,-0.11847946743561573f,0.125f,0f,0f,0f,1f], start_interpolation: 0, interpolation_duration: 1 }
$data merge entity $(bone_rightleg) { transformation: [-0.9396926207859084f,0.33682408883346526f,0.05939117461388471f,-0.18125000000000002f,7.594372760115068e-17f,0.17364817766693053f,-0.984807753012208f,0.39062500000000017f,-0.34202014332566877f,-0.9254165783983234f,-0.16317591116653504f,0.125f,0f,0f,0f,1f], start_interpolation: 0, interpolation_duration: 1 }
$data merge entity $(item_display_item_display) { transformation: [-0.00018857280109608226f,-0.00012082451837771617f,-0.000974598242582846f,1.0586868476324667f,-0.00004329318833900919f,-0.000990415167011905f,0.0001311621012191592f,0.2936481917262169f,-0.000981104478906412f,0.00006692707009555118f,0.0001815344836613822f,-0.6493624749723462f,0f,0f,0f,1f], start_interpolation: 0, interpolation_duration: 1 }
$data merge entity $(bone_leftarm) { transformation: [-0.1885728010960821f,-0.9745982425828451f,0.12082451837771584f,0.31250000000000006f,-0.04329318833900915f,0.1311621012191589f,0.9904151670119041f,0.45312500000000033f,-0.9811044789064111f,0.18153448366138206f,-0.06692707009555109f,-0.5703125f,0f,0f,0f,1f], start_interpolation: 0, interpolation_duration: 1 }
$data merge entity $(bone_rightarm) { transformation: [-0.17595865584321102f,0.9801214384581252f,-0.09165433600559224f,-0.31249999999999994f,0.019205033182235102f,0.09650725310416149f,0.9951469825100001f,0.45312500000000033f,0.9842102001779496f,0.17334450084460387f,-0.035804551283537094f,-0.5625f,0f,0f,0f,1f], start_interpolation: 0, interpolation_duration: 1 }
$data merge entity $(bone_body) { transformation: [-1f,1.2246467991473532e-16f,2.719262146893782e-32f,7.654042494670957e-17f,0f,2.220446049250313e-16f,-1f,0.39062500000000033f,-1.2246467991473532e-16f,-1f,-2.220446049250313e-16f,-0.625f,0f,0f,0f,1f], start_interpolation: 0, interpolation_duration: 1 }
$data merge entity $(bone_head) { transformation: [-1f,1.223481206754078e-16f,-5.341834311772696e-18f,7.654042494670957e-17f,0f,-0.04361938736533578f,-0.9990482215818578f,0.39062500000000033f,-1.2246467991473532e-16f,-0.9990482215818578f,0.04361938736533578f,-0.625f,0f,0f,0f,1f], start_interpolation: 0, interpolation_duration: 1 }
execute on vehicle unless entity @s[tag=aj.transforms_only] positioned ^0 ^0.390625 ^-0.1875 rotated ~0 ~-90 run function animated_java:bonlo/animations/initiate/zzz/frames/zzz/36