# This file was generated by Animated Java via MC-Build. It is not recommended to edit this file directly.
$data merge entity $(bone_leftleg) { transformation: [-0.9395819577388537f,-0.33817857446429833f,-0.053113053620725284f,0.18124999999999997f,0.00944104379820147f,0.12949612874810432f,-0.9915349813956413f,0.4017857142857145f,0.342193821369737f,-0.9321298216517641f,-0.11847946743561573f,0.125f,0f,0f,0f,1f], start_interpolation: 0, interpolation_duration: 1 }
$data merge entity $(bone_rightleg) { transformation: [-0.9396926207859084f,0.33682408883346526f,0.05939117461388471f,-0.18125000000000002f,7.594372760115068e-17f,0.17364817766693053f,-0.984807753012208f,0.4017857142857145f,-0.34202014332566877f,-0.9254165783983234f,-0.16317591116653504f,0.125f,0f,0f,0f,1f], start_interpolation: 0, interpolation_duration: 1 }
$data merge entity $(item_display_item_display) { transformation: [-0.00015553925049844244f,-0.00009961038748822893f,-0.0009827946439917292f,1.0644043496662159f,-0.00003488550768540482f,-0.0009937284049655948f,0.0001062396278140551f,0.3231322825744523f,-0.0009872135244757927f,0.00005080972218957974f,0.0001510888123690946f,-0.6252488510428226f,0f,0f,0f,1f], start_interpolation: 0, interpolation_duration: 1 }
$data merge entity $(bone_leftarm) { transformation: [-0.1555392504984423f,-0.9827946439917283f,0.09961038748822862f,0.31250000000000006f,-0.03488550768540479f,0.10623962781405479f,0.9937284049655939f,0.4642857142857147f,-0.9872135244757918f,0.15108881236909447f,-0.05080972218957966f,-0.5687500000000001f,0f,0f,0f,1f], start_interpolation: 0, interpolation_duration: 1 }
$data merge entity $(bone_rightarm) { transformation: [-0.14104133650147566f,0.9872093917538898f,-0.07433006276596453f,-0.31249999999999994f,0.015364366604095047f,0.07725426136106807f,0.9968930310421524f,0.4642857142857147f,0.9898844769147217f,0.13946109111315033f,-0.026063891282711797f,-0.5625f,0f,0f,0f,1f], start_interpolation: 0, interpolation_duration: 1 }
$data merge entity $(bone_body) { transformation: [-1f,1.2246467991473532e-16f,2.719262146893782e-32f,7.654042494670957e-17f,0f,2.220446049250313e-16f,-1f,0.4017857142857147f,-1.2246467991473532e-16f,-1f,-2.220446049250313e-16f,-0.625f,0f,0f,0f,1f], start_interpolation: 0, interpolation_duration: 1 }
$data merge entity $(bone_head) { transformation: [-1f,1.2239007774061617e-16f,-4.273955692857115e-18f,7.654042494670957e-17f,0f,-0.03489949670250075f,-0.9993908270190958f,0.4017857142857147f,-1.2246467991473532e-16f,-0.9993908270190958f,0.03489949670250075f,-0.625f,0f,0f,0f,1f], start_interpolation: 0, interpolation_duration: 1 }
execute on vehicle unless entity @s[tag=aj.transforms_only] positioned ^0 ^0.4017857143 ^-0.1875 rotated ~0 ~-90 run function animated_java:bonlo/animations/initiate/zzz/frames/zzz/37