# This file was generated by Animated Java via MC-Build. It is not recommended to edit this file directly.
$data merge entity $(bone_leftleg) { transformation: [-0.9395819577388537f,-0.33817857446429833f,-0.053113053620725284f,0.18124999999999997f,0.00944104379820147f,0.12949612874810432f,-0.9915349813956413f,0.41294642857142877f,0.342193821369737f,-0.9321298216517641f,-0.11847946743561573f,0.125f,0f,0f,0f,1f], start_interpolation: 0, interpolation_duration: 1 }
$data merge entity $(bone_rightleg) { transformation: [-0.9396926207859084f,0.33682408883346526f,0.05939117461388471f,-0.18125000000000002f,7.594372760115068e-17f,0.17364817766693053f,-0.984807753012208f,0.41294642857142877f,-0.34202014332566877f,-0.9254165783983234f,-0.16317591116653504f,0.125f,0f,0f,0f,1f], start_interpolation: 0, interpolation_duration: 1 }
$data merge entity $(item_display_item_display) { transformation: [-0.00012229941540346033f,-0.00007741744150784739f,-0.0009894692480023584f,1.0690110536240018f,-0.000026475357233006597f,-0.0009963438742253007f,0.00008122770311356073f,0.3527280516526145f,-0.0009921400649360746f,0.000036130652417291125f,0.00011980261893858744f,-0.6004709525119379f,0f,0f,0f,1f], start_interpolation: 0, interpolation_duration: 1 }
$data merge entity $(bone_leftarm) { transformation: [-0.12229941540346022f,-0.9894692480023576f,0.0774174415078471f,0.31250000000000006f,-0.026475357233006574f,0.08122770311356044f,0.9963438742252997f,0.47544642857142894f,-0.9921400649360738f,0.11980261893858735f,-0.03613065241729107f,-0.5671875f,0f,0f,0f,1f], start_interpolation: 0, interpolation_duration: 1 }
$data merge entity $(bone_rightarm) { transformation: [-0.10594124933540018f,0.9927700474790302f,-0.05642769282664836f,-0.31249999999999994f,0.011523473322758578f,0.05796897430487611f,0.998251875821238f,0.47544642857142894f,0.9943056176306329f,0.10510580786295601f,-0.01758146471830866f,-0.5625f,0f,0f,0f,1f], start_interpolation: 0, interpolation_duration: 1 }
$data merge entity $(bone_body) { transformation: [-1f,1.2246467991473532e-16f,2.719262146893782e-32f,7.654042494670957e-17f,0f,2.220446049250313e-16f,-1f,0.41294642857142894f,-1.2246467991473532e-16f,-1f,-2.220446049250313e-16f,-0.625f,0f,0f,0f,1f], start_interpolation: 0, interpolation_duration: 1 }
$data merge entity $(bone_head) { transformation: [-1f,1.2242271432755217e-16f,-3.20575159566823e-18f,7.654042494670957e-17f,0f,-0.026176948307872927f,-0.9996573249755573f,0.41294642857142894f,-1.2246467991473532e-16f,-0.9996573249755573f,0.026176948307872927f,-0.625f,0f,0f,0f,1f], start_interpolation: 0, interpolation_duration: 1 }
execute on vehicle unless entity @s[tag=aj.transforms_only] positioned ^0 ^0.4129464286 ^-0.1875 rotated ~0 ~-90 run function animated_java:bonlo/animations/initiate/zzz/frames/zzz/38