# This file was generated by Animated Java via MC-Build. It is not recommended to edit this file directly.
$data merge entity $(bone_leftleg) { transformation: [-0.9395819577388537f,-0.33817857446429833f,-0.053113053620725284f,0.18124999999999997f,0.00944104379820147f,0.12949612874810432f,-0.9915349813956413f,0.424107142857143f,0.342193821369737f,-0.9321298216517641f,-0.11847946743561573f,0.125f,0f,0f,0f,1f], start_interpolation: 0, interpolation_duration: 1 }
$data merge entity $(bone_rightleg) { transformation: [-0.9396926207859084f,0.33682408883346526f,0.05939117461388471f,-0.18125000000000002f,7.594372760115068e-17f,0.17364817766693053f,-0.984807753012208f,0.424107142857143f,-0.34202014332566877f,-0.9254165783983234f,-0.16317591116653504f,0.125f,0f,0f,0f,1f], start_interpolation: 0, interpolation_duration: 1 }
$data merge entity $(item_display_item_display) { transformation: [-0.00008889784381840599f,-0.000054330675576439636f,-0.0009945578671227973f,1.07245521017239f,-0.00001806333239752779f,-0.0009982590749185653f,0.00005614744308895801f,0.38241958776676355f,-0.000995876944901897f,0.000022956415968940365f,0.00008776168628009737f,-0.5750904316397838f,0f,0f,0f,1f], start_interpolation: 0, interpolation_duration: 1 }
$data merge entity $(bone_leftarm) { transformation: [-0.08889784381840592f,-0.9945578671227964f,0.05433067557643936f,0.31250000000000006f,-0.018063332397527773f,0.056147443088957735f,0.9982590749185645f,0.4866071428571432f,-0.9958769449018963f,0.08776168628009728f,-0.022956415968940325f,-0.565625f,0f,0f,0f,1f], start_interpolation: 0, interpolation_duration: 1 }
$data merge entity $(bone_rightarm) { transformation: [-0.07070386960249943f,0.996772472913f,-0.03802104767277499f,-0.31249999999999994f,0.007682410011097815f,0.03865945250806924f,0.9992229117210019f,0.4866071428571432f,0.9974677655942842f,0.07035683317687727f,-0.010390987713728095f,-0.5625f,0f,0f,0f,1f], start_interpolation: 0, interpolation_duration: 1 }
$data merge entity $(bone_body) { transformation: [-1f,1.2246467991473532e-16f,2.719262146893782e-32f,7.654042494670957e-17f,0f,2.220446049250313e-16f,-1f,0.4241071428571432f,-1.2246467991473532e-16f,-1f,-2.220446049250313e-16f,-0.625f,0f,0f,0f,1f], start_interpolation: 0, interpolation_duration: 1 }
$data merge entity $(bone_head) { transformation: [-1f,1.2244602795081332e-16f,-2.137303368083764e-18f,7.654042494670957e-17f,0f,-0.01745240643728329f,-0.9998476951563913f,0.4241071428571432f,-1.2246467991473532e-16f,-0.9998476951563913f,0.01745240643728329f,-0.625f,0f,0f,0f,1f], start_interpolation: 0, interpolation_duration: 1 }
execute on vehicle unless entity @s[tag=aj.transforms_only] positioned ^0 ^0.4241071429 ^-0.1875 rotated ~0 ~-90 run function animated_java:bonlo/animations/initiate/zzz/frames/zzz/39