# This file was generated by Animated Java via MC-Build. It is not recommended to edit this file directly.
$data merge entity $(bone_leftleg) { transformation: [-0.9395819577388537f,-0.33817857446429833f,-0.053113053620725284f,0.18124999999999997f,0.00944104379820147f,0.12949612874810432f,-0.9915349813956413f,0.4352678571428573f,0.342193821369737f,-0.9321298216517641f,-0.11847946743561573f,0.125f,0f,0f,0f,1f], start_interpolation: 0, interpolation_duration: 1 }
$data merge entity $(bone_rightleg) { transformation: [-0.9396926207859084f,0.33682408883346526f,0.05939117461388471f,-0.18125000000000002f,7.594372760115068e-17f,0.17364817766693053f,-0.984807753012208f,0.4352678571428573f,-0.34202014332566877f,-0.9254165783983234f,-0.16317591116653504f,0.125f,0f,0f,0f,1f], start_interpolation: 0, interpolation_duration: 1 }
$data merge entity $(item_display_item_display) { transformation: [-0.00005537933496533424f,-0.00003043968842187613f,-0.0009980012798727156f,1.0746885829683777f,-0.000009650028727382898f,-0.0009994721779131343f,0.0000310200342220773f,0.4121908840448682f,-0.0009984187529310333f,0.000011348609886557144f,0.000055056360661459956f,-0.5491726320340827f,0f,0f,0f,1f], start_interpolation: 0, interpolation_duration: 1 }
$data merge entity $(bone_leftarm) { transformation: [-0.05537933496533419f,-0.9980012798727147f,0.03043968842187588f,0.31250000000000006f,-0.00965002872738289f,0.03102003422207705f,0.9994721779131335f,0.4977678571428575f,-0.9984187529310324f,0.055056360661459906f,-0.011348609886557122f,-0.5640624999999999f,0f,0f,0f,1f], start_interpolation: 0, interpolation_duration: 1 }
$data merge entity $(bone_rightarm) { transformation: [-0.03537485821506871f,0.9991899312424941f,-0.01918595084648416f,-0.31249999999999994f,0.0038412333444936848f,0.019333767903334135f,0.9998057062975052f,0.4977678571428575f,0.9993667316519281f,0.03529428738875353f,-0.004522050979714512f,-0.5625f,0f,0f,0f,1f], start_interpolation: 0, interpolation_duration: 1 }
$data merge entity $(bone_body) { transformation: [-1f,1.2246467991473532e-16f,2.719262146893782e-32f,7.654042494670957e-17f,0f,2.220446049250313e-16f,-1f,0.4352678571428575f,-1.2246467991473532e-16f,-1f,-2.220446049250313e-16f,-0.625f,0f,0f,0f,1f], start_interpolation: 0, interpolation_duration: 1 }
$data merge entity $(bone_head) { transformation: [-1f,1.2246001683497691e-16f,-1.068692376572912e-18f,7.654042494670957e-17f,0f,-0.008726535498373713f,-0.9999619230641713f,0.4352678571428575f,-1.2246467991473532e-16f,-0.9999619230641713f,0.008726535498373713f,-0.625f,0f,0f,0f,1f], start_interpolation: 0, interpolation_duration: 1 }
execute on vehicle unless entity @s[tag=aj.transforms_only] positioned ^0 ^0.4352678571 ^-0.1875 rotated ~0 ~-90 run function animated_java:bonlo/animations/initiate/zzz/frames/zzz/40