# This file was generated by Animated Java via MC-Build. It is not recommended to edit this file directly.
$data merge entity $(bone_leftleg) { transformation: [-0.9395819577388537f,-0.33817857446429833f,-0.053113053620725284f,0.18124999999999997f,0.00944104379820147f,0.12949612874810432f,-0.9915349813956413f,0.04464285714285731f,0.342193821369737f,-0.9321298216517641f,-0.11847946743561573f,0.125f,0f,0f,0f,1f], start_interpolation: 0, interpolation_duration: 1 }
$data merge entity $(bone_rightleg) { transformation: [-0.9396926207859084f,0.33682408883346526f,0.05939117461388471f,-0.18125000000000002f,7.594372760115068e-17f,0.17364817766693053f,-0.984807753012208f,0.04464285714285731f,-0.34202014332566877f,-0.9254165783983234f,-0.16317591116653504f,0.125f,0f,0f,0f,1f], start_interpolation: 0, interpolation_duration: 1 }
$data merge entity $(item_display_item_display) { transformation: [-0.0008998988510932681f,-0.00008964920564277192f,-0.00042678458000335235f,0.682939477273879f,-0.0002994774787777493f,-0.000584358701789927f,0.0007542135953079307f,-0.487621819960061f,-0.00031700993281905316f,0.0008065283178971537f,0.0004990158062867832f,-0.931009723704028f,0f,0f,0f,1f], start_interpolation: 0, interpolation_duration: 1 }
$data merge entity $(bone_leftarm) { transformation: [-0.8998988510932673f,-0.42678458000335195f,0.08964920564277175f,0.31250000000000006f,-0.29947747877774905f,0.7542135953079299f,0.5843587017899268f,0.10714285714285748f,-0.3170099328190529f,0.499015806286783f,-0.806528317897153f,-0.6187499999999999f,0f,0f,0f,1f], start_interpolation: 0, interpolation_duration: 1 }
$data merge entity $(bone_rightarm) { transformation: [-0.9470829654664658f,0.30910868564619254f,-0.08651980687292674f,-0.31249999999999994f,0.13784443277703623f,0.63508141295093f,0.7600463875821181f,0.10714285714285746f,0.28988406109274517f,0.7079007129409699f,-0.6440836993295544f,-0.5625f,0f,0f,0f,1f], start_interpolation: 0, interpolation_duration: 1 }
$data merge entity $(bone_body) { transformation: [-1f,1.2246467991473532e-16f,2.719262146893782e-32f,7.654042494670957e-17f,0f,2.220446049250313e-16f,-1f,0.04464285714285748f,-1.2246467991473532e-16f,-1f,-2.220446049250313e-16f,-0.625f,0f,0f,0f,1f], start_interpolation: 0, interpolation_duration: 1 }
$data merge entity $(bone_head) { transformation: [-1f,1.1647083184890923e-16f,-3.784366730434148e-17f,7.654042494670957e-17f,0f,-0.30901699437494723f,-0.9510565162951536f,0.04464285714285748f,-1.2246467991473532e-16f,-0.9510565162951536f,0.30901699437494723f,-0.625f,0f,0f,0f,1f], start_interpolation: 0, interpolation_duration: 1 }
execute on vehicle unless entity @s[tag=aj.transforms_only] positioned ^0 ^0.0446428571 ^-0.1875 rotated ~0 ~-90 run function animated_java:bonlo/animations/initiate/zzz/frames/zzz/5