# This file was generated by Animated Java via MC-Build. It is not recommended to edit this file directly.
$data merge entity $(bone_leftleg) { transformation: [-0.9395819577388537f,-0.33817857446429833f,-0.053113053620725284f,0.18124999999999997f,0.00944104379820147f,0.12949612874810432f,-0.9915349813956413f,0.05580357142857159f,0.342193821369737f,-0.9321298216517641f,-0.11847946743561573f,0.125f,0f,0f,0f,1f], start_interpolation: 0, interpolation_duration: 1 }
$data merge entity $(bone_rightleg) { transformation: [-0.9396926207859084f,0.33682408883346526f,0.05939117461388471f,-0.18125000000000002f,7.594372760115068e-17f,0.17364817766693053f,-0.984807753012208f,0.05580357142857159f,-0.34202014332566877f,-0.9254165783983234f,-0.16317591116653504f,0.125f,0f,0f,0f,1f], start_interpolation: 0, interpolation_duration: 1 }
$data merge entity $(item_display_item_display) { transformation: [-0.0008910502869149498f,-0.00011025260486852457f,-0.0004403109688714243f,0.6914679045991439f,-0.00029143901658519887f,-0.0006047191292073726f,0.0007412004279427599f,-0.4682632557703255f,-0.00034798374358673646f,0.0007887706497394432f,0.000506703242844348f,-0.9346764714833461f,0f,0f,0f,1f], start_interpolation: 0, interpolation_duration: 1 }
$data merge entity $(bone_leftarm) { transformation: [-0.891050286914949f,-0.4403109688714239f,0.11025260486852438f,0.31250000000000006f,-0.2914390165851986f,0.7412004279427592f,0.6047191292073724f,0.11830357142857176f,-0.34798374358673617f,0.5067032428443478f,-0.7887706497394423f,-0.6171875f,0f,0f,0f,1f], start_interpolation: 0, interpolation_duration: 1 }
$data merge entity $(bone_rightarm) { transformation: [-0.9367291079445575f,0.33375432821814977f,-0.10557758628158175f,-0.31249999999999994f,0.13403885130443646f,0.6205950529537261f,0.7725900378534195f,0.11830357142857174f,0.3233761968209479f,0.7095560785766074f,-0.6260654971203939f,-0.5625f,0f,0f,0f,1f], start_interpolation: 0, interpolation_duration: 1 }
$data merge entity $(bone_body) { transformation: [-1f,1.2246467991473532e-16f,2.719262146893782e-32f,7.654042494670957e-17f,0f,2.220446049250313e-16f,-1f,0.05580357142857176f,-1.2246467991473532e-16f,-1f,-2.220446049250313e-16f,-0.625f,0f,0f,0f,1f], start_interpolation: 0, interpolation_duration: 1 }
$data merge entity $(bone_head) { transformation: [-1f,1.16796641102639e-16f,-3.682583948479535e-17f,7.654042494670957e-17f,0f,-0.30070579950427284f,-0.953716950748227f,0.05580357142857176f,-1.2246467991473532e-16f,-0.953716950748227f,0.30070579950427284f,-0.625f,0f,0f,0f,1f], start_interpolation: 0, interpolation_duration: 1 }
execute on vehicle unless entity @s[tag=aj.transforms_only] positioned ^0 ^0.0558035714 ^-0.1875 rotated ~0 ~-90 run function animated_java:bonlo/animations/initiate/zzz/frames/zzz/6