# This file was generated by Animated Java via MC-Build. It is not recommended to edit this file directly.
$data merge entity $(bone_leftleg) { transformation: [-0.9395819577388537f,-0.33817857446429833f,-0.053113053620725284f,0.18124999999999997f,0.00944104379820147f,0.12949612874810432f,-0.9915349813956413f,0.06696428571428588f,0.342193821369737f,-0.9321298216517641f,-0.11847946743561573f,0.125f,0f,0f,0f,1f], start_interpolation: 0, interpolation_duration: 1 }
$data merge entity $(bone_rightleg) { transformation: [-0.9396926207859084f,0.33682408883346526f,0.05939117461388471f,-0.18125000000000002f,7.594372760115068e-17f,0.17364817766693053f,-0.984807753012208f,0.06696428571428588f,-0.34202014332566877f,-0.9254165783983234f,-0.16317591116653504f,0.125f,0f,0f,0f,1f], start_interpolation: 0, interpolation_duration: 1 }
$data merge entity $(item_display_item_display) { transformation: [-0.0008810716630035272f,-0.00012998456378053306f,-0.0004547710828878475f,0.7006991965096485f,-0.000283379921305174f,-0.0006247495828337803f,0.0007275876434836514f,-0.4484280207956926f,-0.00037869320676937727f,0.0007699298487055845f,0.0005136141384531033f,-0.9378336721456147f,0f,0f,0f,1f], start_interpolation: 0, interpolation_duration: 1 }
$data merge entity $(bone_leftarm) { transformation: [-0.8810716630035264f,-0.4547710828878471f,0.12998456378053283f,0.31250000000000006f,-0.28337992130517375f,0.7275876434836506f,0.6247495828337799f,0.12946428571428603f,-0.37869320676937696f,0.513614138453103f,-0.7699298487055837f,-0.6156250000000001f,0f,0f,0f,1f], start_interpolation: 0, interpolation_duration: 1 }
$data merge entity $(bone_rightarm) { transformation: [-0.9251769615807915f,0.35887613189014417f,-0.12351320463700315f,-0.31249999999999994f,0.13023129207142406f,0.6058520159162648f,0.7848459373505124f,0.12946428571428603f,0.3564931981476531f,0.7100360953992163f,-0.6072572296026554f,-0.5625f,0f,0f,0f,1f], start_interpolation: 0, interpolation_duration: 1 }
$data merge entity $(bone_body) { transformation: [-1f,1.2246467991473532e-16f,2.719262146893782e-32f,7.654042494670957e-17f,0f,2.220446049250313e-16f,-1f,0.06696428571428605f,-1.2246467991473532e-16f,-1f,-2.220446049250313e-16f,-0.625f,0f,0f,0f,1f], start_interpolation: 0, interpolation_duration: 1 }
$data merge entity $(bone_head) { transformation: [-1f,1.1711355583995222e-16f,-3.5805207234995444e-17f,7.654042494670957e-17f,0f,-0.29237170472273655f,-0.9563047559630355f,0.06696428571428605f,-1.2246467991473532e-16f,-0.9563047559630355f,0.29237170472273655f,-0.625f,0f,0f,0f,1f], start_interpolation: 0, interpolation_duration: 1 }
execute on vehicle unless entity @s[tag=aj.transforms_only] positioned ^0 ^0.0669642857 ^-0.1875 rotated ~0 ~-90 run function animated_java:bonlo/animations/initiate/zzz/frames/zzz/7