# This file was generated by Animated Java via MC-Build. It is not recommended to edit this file directly.
$data merge entity $(bone_leftleg) { transformation: [-0.9395819577388537f,-0.33817857446429833f,-0.053113053620725284f,0.18124999999999997f,0.00944104379820147f,0.12949612874810432f,-0.9915349813956413f,0.07812500000000017f,0.342193821369737f,-0.9321298216517641f,-0.11847946743561573f,0.125f,0f,0f,0f,1f], start_interpolation: 0, interpolation_duration: 1 }
$data merge entity $(bone_rightleg) { transformation: [-0.9396926207859084f,0.33682408883346526f,0.05939117461388471f,-0.18125000000000002f,7.594372760115068e-17f,0.17364817766693053f,-0.984807753012208f,0.07812500000000017f,-0.34202014332566877f,-0.9254165783983234f,-0.16317591116653504f,0.125f,0f,0f,0f,1f], start_interpolation: 0, interpolation_duration: 1 }
$data merge entity $(item_display_item_display) { transformation: [-0.0008699716354310645f,-0.0001487740687049251f,-0.0004701229945731043f,0.7106063085609313f,-0.0002753007634996393f,-0.0006444313853231735f,0.0007133846642779568f,-0.42812210014778485f,-0.0004090951517213526f,0.0007500496424180467f,0.0005196794115092933f,-0.940428346340382f,0f,0f,0f,1f], start_interpolation: 0, interpolation_duration: 1 }
$data merge entity $(bone_leftarm) { transformation: [-0.8699716354310637f,-0.4701229945731039f,0.14877406870492488f,0.31250000000000006f,-0.27530076349963906f,0.7133846642779561f,0.6444313853231731f,0.14062500000000033f,-0.40909515172135225f,0.5196794115092931f,-0.750049642418046f,-0.6140625f,0f,0f,0f,1f], start_interpolation: 0, interpolation_duration: 1 }
$data merge entity $(bone_rightarm) { transformation: [-0.9124403190044952f,0.384412081193416f,-0.14028548067252497f,-0.31249999999999994f,0.12642181125902294f,0.5908582403216026f,0.796808675581565f,0.14062500000000033f,0.38919171354611715f,0.7093052175732292f,-0.5877209528598f,-0.5625f,0f,0f,0f,1f], start_interpolation: 0, interpolation_duration: 1 }
$data merge entity $(bone_body) { transformation: [-1f,1.2246467991473532e-16f,2.719262146893782e-32f,7.654042494670957e-17f,0f,2.220446049250313e-16f,-1f,0.07812500000000033f,-1.2246467991473532e-16f,-1f,-2.220446049250313e-16f,-0.625f,0f,0f,0f,1f], start_interpolation: 0, interpolation_duration: 1 }
$data merge entity $(bone_head) { transformation: [-1f,1.1742155192656464e-16f,-3.478184828003908e-17f,7.654042494670957e-17f,0f,-0.2840153447039224f,-0.9588197348681932f,0.07812500000000033f,-1.2246467991473532e-16f,-0.9588197348681932f,0.2840153447039224f,-0.625f,0f,0f,0f,1f], start_interpolation: 0, interpolation_duration: 1 }
execute on vehicle unless entity @s[tag=aj.transforms_only] positioned ^0 ^0.078125 ^-0.1875 rotated ~0 ~-90 run function animated_java:bonlo/animations/initiate/zzz/frames/zzz/8