# This file was generated by Animated Java via MC-Build. It is not recommended to edit this file directly.
$data merge entity $(bone_leftleg) { transformation: [-0.9395819577388537f,-0.33817857446429833f,-0.053113053620725284f,0.18124999999999997f,0.00944104379820147f,0.12949612874810432f,-0.9915349813956413f,0.08928571428571445f,0.342193821369737f,-0.9321298216517641f,-0.11847946743561573f,0.125f,0f,0f,0f,1f], start_interpolation: 0, interpolation_duration: 1 }
$data merge entity $(bone_rightleg) { transformation: [-0.9396926207859084f,0.33682408883346526f,0.05939117461388471f,-0.18125000000000002f,7.594372760115068e-17f,0.17364817766693053f,-0.984807753012208f,0.08928571428571445f,-0.34202014332566877f,-0.9254165783983234f,-0.16317591116653504f,0.125f,0f,0f,0f,1f], start_interpolation: 0, interpolation_duration: 1 }
$data merge entity $(item_display_item_display) { transformation: [-0.0008577605649190336f,-0.00016655230447459724f,-0.00048632000076491124f,0.7211585133302779f,-0.0002672021151509314f,-0.0006637461526077177f,0.0006986015134232985f,-0.4073519552602923f,-0.0004391467214139833f,0.0007291785616518467f,0.0005248321467847563f,-0.9424088487405994f,0f,0f,0f,1f], start_interpolation: 0, interpolation_duration: 1 }
$data merge entity $(bone_leftarm) { transformation: [-0.8577605649190329f,-0.4863200007649109f,0.16655230447459698f,0.31250000000000006f,-0.2672021151509312f,0.6986015134232978f,0.6637461526077172f,0.15178571428571463f,-0.4391467214139829f,0.5248321467847559f,-0.7291785616518459f,-0.6125f,0f,0f,0f,1f], start_interpolation: 0, interpolation_duration: 1 }
$data merge entity $(bone_rightarm) { transformation: [-0.8985345575020715f,0.41029790257582144f,-0.15585660113206093f,-0.31249999999999994f,0.12261046507661023f,0.5756197814029116f,0.8084729686955291f,0.1517857142857146f,0.42142890601886096f,0.7073312508291615f,-0.5675210822270834f,-0.5625f,0f,0f,0f,1f], start_interpolation: 0, interpolation_duration: 1 }
$data merge entity $(bone_body) { transformation: [-1f,1.2246467991473532e-16f,2.719262146893782e-32f,7.654042494670957e-17f,0f,2.220446049250313e-16f,-1f,0.08928571428571462f,-1.2246467991473532e-16f,-1f,-2.220446049250313e-16f,-0.625f,0f,0f,0f,1f], start_interpolation: 0, interpolation_duration: 1 }
$data merge entity $(bone_head) { transformation: [-1f,1.1772060590738186e-16f,-3.3755840552672785e-17f,7.654042494670957e-17f,0f,-0.27563735581699894f,-0.961261695938319f,0.08928571428571462f,-1.2246467991473532e-16f,-0.961261695938319f,0.27563735581699894f,-0.625f,0f,0f,0f,1f], start_interpolation: 0, interpolation_duration: 1 }
execute on vehicle unless entity @s[tag=aj.transforms_only] positioned ^0 ^0.0892857143 ^-0.1875 rotated ~0 ~-90 run function animated_java:bonlo/animations/initiate/zzz/frames/zzz/9