# This file was generated by Animated Java via MC-Build. It is not recommended to edit this file directly.
$data merge entity $(bone_leftleg) { transformation: [-0.9395819577388537f,-0.33817857446429833f,-0.053113053620725284f,0.18124999999999997f,0.00944104379820147f,0.12949612874810432f,-0.9915349813956413f,0.10044642857142876f,0.342193821369737f,-0.9321298216517641f,-0.11847946743561573f,0.125f,0f,0f,0f,1f], start_interpolation: 0, interpolation_duration: 1 }
$data merge entity $(bone_rightleg) { transformation: [-0.9396926207859084f,0.33682408883346526f,0.05939117461388471f,-0.18125000000000002f,7.594372760115068e-17f,0.17364817766693053f,-0.984807753012208f,0.10044642857142876f,-0.34202014332566877f,-0.9254165783983234f,-0.16317591116653504f,0.125f,0f,0f,0f,1f], start_interpolation: 0, interpolation_duration: 1 }
$data merge entity $(item_display_item_display) { transformation: [-0.0008444505044106146f,-0.00018325297899423365f,-0.0005033107303549163f,0.7323214615815807f,-0.0002590845496212644f,-0.0006826758135530092f,0.0006832488051488164f,-0.38612451778540996f,-0.00046880544125277253f,0.0007073698320394204f,0.0005290079195742889f,-0.9437251181024626f,0f,0f,0f,1f], start_interpolation: 0, interpolation_duration: 1 }
$data merge entity $(bone_leftarm) { transformation: [-0.8444505044106139f,-0.5033107303549158f,0.18325297899423337f,0.31250000000000006f,-0.25908454962126415f,0.6832488051488157f,0.6826758135530088f,0.16294642857142894f,-0.4688054412527721f,0.5290079195742885f,-0.7073698320394197f,-0.6109374999999999f,0f,0f,0f,1f], start_interpolation: 0, interpolation_duration: 1 }
$data merge entity $(bone_rightarm) { transformation: [-0.8834766195555434f,0.4364672466329369f,-0.1701922598574114f,-0.31249999999999994f,0.11879730976108681f,0.5601428083707737f,0.819833662046168f,0.1629464285714289f,0.4531625115697877f,0.7040854897291701f,-0.5467242095065812f,-0.5625f,0f,0f,0f,1f], start_interpolation: 0, interpolation_duration: 1 }
$data merge entity $(bone_body) { transformation: [-1f,1.2246467991473532e-16f,2.719262146893782e-32f,7.654042494670957e-17f,0f,2.220446049250313e-16f,-1f,0.10044642857142892f,-1.2246467991473532e-16f,-1f,-2.220446049250313e-16f,-0.625f,0f,0f,0f,1f], start_interpolation: 0, interpolation_duration: 1 }
$data merge entity $(bone_head) { transformation: [-1f,1.1801069500828535e-16f,-3.272726218735736e-17f,7.654042494670957e-17f,0f,-0.2672383760782566f,-0.9636304532086231f,0.10044642857142892f,-1.2246467991473532e-16f,-0.9636304532086231f,0.2672383760782566f,-0.625f,0f,0f,0f,1f], start_interpolation: 0, interpolation_duration: 1 }
execute on vehicle unless entity @s[tag=aj.transforms_only] positioned ^0 ^0.1004464286 ^-0.1875 rotated ~0 ~-90 run function animated_java:bonlo/animations/initiate/zzz/frames/zzz/10